521961214
1886541574
2115626892
2193744704
2197661233
2216155295
2289623173
2319705625
2895965025
3303981605
3553575623
3564248034
3589735379
3676881602
3859846501
3896631002
3939050486
4129347760
4158174634
4178116394
4287614902
4362832404
4471636150
4574531819
4756935564
4815493294
4850371832
5130373175
5291062877
5575558447
5792677098
5799111983
5803461150
5951979567
6373686721
6551296951
7018853195
7244916315
7607272440
8184924891
8333567907
8338352574
8360203042
8420170775
8421125205
8623749971
8662052663
8816080708
8889560152
9435105196
9556012357
9796254547
9837560791
9872770779
10109322158
10188118866
10642440318
11018641033
11239289633
11291261888
11332912177
11335834081
11536297282
11718746652
11747057715
11949693223
12199559927
12219199029
12246959304
12377311080
12513283928
12568273264
12643998813
12840817356
12896718031
13245340115
13870668669
13973831131
13990718160
15106493296
15229802482
15421507843
15596742650
15800426858
15880575870
16042245174
16843588549
16913943305
17121588589
17226571832
17428181252
17721283454
17860736099
17936922235
17943634312
18201116004
18317216268
18458094747
18511058197
18604556770
18855745046
19206252806
19386677245
19552689985
19665587885
19691809486
19752248252
20401385439
20495645694
21160670896
22405025860
22430509930
22589915672
22639140496
22760023339
22963886013
22983991792
23098696670
23353068738
23725216172
23798704747
23889638726
24050819104
24088879954
24148846417
24231704818
24357935839
24495205983
24580122645
24616506873
24690957819
24710876610
24922077830
24980728637
25235058006
25309720355
25371734991
25497982461
25831886796
26005761343
26231848970
26342519882
26425888223
26549635793
26880333763
27083919353
27224574411
27364116151
27545448050
27689886011
28218693944
28231610866
28448113727
28522131996
28588433155
28673379795
28673788338
28823246443
28893214730
28978982330
29065901719
29175656575
29317553851
29357384187
29447734615
29537644331
29640487616
29672536834
30063099446
30124385340
30231682021
30345797013
30407843699
30507863257
30761809857
30921532022
30968228013
31166297945
31277792268
31346009622
31663629291
31692498008
31814658545
31945356915
32173811045
32219169121
32455181926
32605680462
32839540455
32892880695
32959157667
33080862446
33140640779
33249333757
33353339031
33469907356
33558257029
33579712471
33601099580
33807371084
34134934687
34170903121
34452830598
34494607206
34674792065
34795734740
34906585732
34947321580
35017981448
35221962569
35277502775
35280591966
35361606479
35623366493
36050697418
36087173370
36217046852
36352806025
36774066492
36862114490
36886298197
36958014893
37079775221
37233556582
37365324325
37675801192
37872869348
37957221701
38189159019
38461816692
38824019901
38846996688
38849546801
38994378308
39167960913
39261093988
39406546243
39441995669
39589784155
39615664521
39694125209
39822141932
39872456694
39900074845
39973285383
40152777350
40172939890
40462306795
41793360967
41827567132
42080911060
42080917473
42186997793
42515468763
42739478748
42777102457
42820694815
42910009164
43014125842
43320738359
43374940546
43425537149
43840539906
43874060009
43995651444
44212331520
44491701824
44619262776
44870905074
45176835890
45181766181
45421279283
45478420238
45530047570
45703668032
45746127954
45795366673
45984989131
46130412454
46311836633
46320179916
46451842215
46611753044
46796553082
46849716041
47347957494
47410065603
47610906307
47642866193
47784437791
47804085686
47846637597
48040068144
48176268961
48221123577
48301987381
49130975202
49238290865
49763484268
50728672312
51037291570
51058712803
51279400130
51379764826
51511483758
51739970941
51957795529
52055608569
52179832690
52199057972
52302411797
52357201197
52357212273
52386444504
52429499424
52440886336
52709081692
52813016246
52861035050
52861042925
52877273990
52945426414
53191107591
53311414441
53349559629
53419874001
53518828690
53598384684
53657878748
53833374776
54088389656
54091603595
54242965623
54580815255
54596105474
54789282709
54866005871
55032458852
55130378071
55455627579
55483309860
55609696483
55686023770
56049431616
56151179486
56311419237
56370976105
56595902907
57125812272
57965597383
58158188998
58553818197
58749032889
58781534490
59083062151
59177486833
59222367329
59393593081
59466622230
59952756054
60108389061
60301762453
60340807587
60524175329
60633739325
60935056393
61097862062
61164850097
61193760599
61213572998
61340614041
61442852591
61533584124
61589597140
61739201297
61774665570
61793767191
61803603961
61810349075
61833369194
61916272215
61975338371
62183988622
62184637463
62430497895
62713130812
62781245644
62884313786
62920867934
63056784533
64126560599
64645728416
64770286843
64777343874
65073622907
65091111707
65102773523
65122188892
65169229876
65236020676
65342362659
65362078988
65435902049
65532142739
65698710486
65887855720
66032831785
66380908207
66418714315
66478173593
66561770884
66593289668
66790895974
66920757005
66953944035
67074119129
67081926136
67166370295
67504171064
67640654569
67888297470
68296631304
68422551386
68652445899
68722392739
68839876957
68879574855
69054542082
69116476694
69392215073
70340629610
71207889268
71467140965
71506400877
72209878182
72321813118
72475100548
72994959233
73010792273
73110047875
73137471268
73188815553
73289073933
73656454248
73791002228
73898484324
74049760393
74131511404
74272208816
74557043277
74584609508
74588985758
74824799651
74877644795
74900248031
74948134387
75002848536
75187303846
75249500785
75335945312
75363950237
75426910729
75515407404
75648920180
75709624321
75892787690
76507619254
77078340061
77612200870
78969445089
79082299067
79144621119
79182193471
79336484861
80315522050
80485684962
80632478874
80831726517
81017300246
81350378747
81382768714
81458387758
81747821708
81764253744
81993323580
82125927852
82149807622
82283076335
82329127061
82334203307
82655074620
82685774142
82825518897
83296482633
83311425829
83413074441
83583167850
83939908701
83971073841
84167983458
84202393860
84973696574
85070028323
86365990996
86742021698
87227476548
87997485106
88239666796
88278577578
88333538711
88507152243
88837906075
89050937194
89337842614
89355421104
89757084621
89905810326
90031260702
90088619584
90143257266
90144866269
90235335009
90336763818
90348674522
90363043820
90674848842
90870240512
90880210194
90981050980
91063324890
91178541225
91413468910
91456002842
91471140769
91544525939
92030858839
92239808881
92358817421
92399239042
92614858638
93208096993
93756026713
93986008621
94097625071
94425918203
94528342418
94580329846
94600743463
94689511333
94900637938
94949096433
94963485205
95070233599
95149315643
95276291488
95311424310
95343361314
95424779423
95530681845
95574380881
95700543538
95804795150
95878578379
95979995856
97156129039
97174068764
97221448133
97405967332
97668949126
98477464555
98665201427
98671191463
99081710339
99398283407
100191274095
101104430775
101255218144
101702813418
101879958007
102872955695
102988443685
103198034547
103555187791
103608667942
103642167802
103721391390
103734509915
103949891799
104030882729
104211235959
104222709364
104744622842
104791899007
104811562382
105588533162
105621205954
105899515850
106655304108
106842344796
106893841461
107119918278
108299820286
108357287140
108385179666
108475945247
108598927405
108682823077
108735394131
108786356628
108858462012
108915371177
108999812579
109260215855
109431315351
109681824514
110232554921
110242633114
110442168648
110538394349
110575286506
110682540657
110954814279
110958959586
111012868860
111040035122
111049945037
111358178650
111416340504
111472195021
111508486751
111600950931
111760680580
111809863082
111883353468
112353475600
112642365417
112738046375
113077688292
113414682943
113428119568
113547877179
114080412505
114314995779
114315830608
114803991821
114818987475
114950539562
115085468172
115179555276
115405477454
115761049423
115877198252
116048936564
116112059290
116316669977
116555711746
116581013083
116619754098
116778161163
116820531970
116848856647
116905102356
117040587884
117064532228
117081029916
117133530220
117345457316
117407630313
117649745499
117739057019
118005861664
118027614052
118044925052
118087807589
118186045801
118261501440
118276898134
118348198359
118471472265
118472350933
118488555405
118606392079
118662047209
118717997201
118853450498
119015903273
119109393965
119111670789
119161462491
119224288156
119243116233
120919749206
121033518817
121272551139
121694233756
122018326778
122142028325
122416983105
122497503712
122620079259
122933593485
123201899445
123391372333
123470585343
123483525824
123681269361
123736448874
123835726382
123838995971
123865744024
124039338908
124067556992
124175098546
124341341877
124422621872
124513741088
124707198235
124740048594
124749240056
124749870838
124865278779
124946921777
124986598367
125073926281
125856679773
126558388809
126842546003
126943331862
127074771840
127180560628
127419559809
128396252962
129051413920
129330298757
129446003834
129774713944
129829412914
129929495085
129947522240
130038256249
130152797869
130161655938
130343238250
130469629401
130491962009
130642641438
130697136936
130844254403
130937496792
131120176393
131171042409
131367274763
131410216131
131602278108
131814350046
132075502500
132126832328
132369752644
132533701512
132866068263
133010697453
133235895678
133505054251
133527281059
133552859820
133841880344
134017431152
134626755454
135092589654
135151006976
135221072878
135515233991
135563184407
135614253306
135696326639
135880080898
135946705837
137119902979
137169453915
137200239916
137457728326
137538171921
137920866340
138114464616
138203876501
138566120937
139059162886
139234463072
139285863107
139945182622
140118388999
140149431066
140218685180
140255419838
140259482355
140328348428
140528357114
140611404390
140788161991
140873322491
140877269259
141029946301
141162234652
141275278269
141648685313
141861000821
142025159794
142275331604
142378961603
142415706139
142692988472
143405977124
143618809645
143824860263
143886993717
144032298467
144414691654
144606444174
144655184330
145257890038
145518795279
145556302109
146183394222
146325132600
146393149738
146565926864
146749146802
146777287841
147146540976
147416906405
147475529660
147510658410
148234867411
148273188751
148424125358
148590095079
149937030389
150492085570
150533372255
150941000770
150994508495
151296312109
151357525487
151376400824
151525966098
151602585489
151729141843
152524641945
152707264767
152776505237
152845460561
153036428241
153882094112
154204751606
154238912598
154490071120
154563911252
154643959723
154723022284
154767469774
154791580680
155395007636
155484772274
156001507488
156057454395
156274160922
156339434664
156388606993
156406348269
156582409423
156650104157
156806986509
157337817032
157690699593
158570923687
158612823174
158635180607
159049449625
159090805500
159190926702
159281511895
159379223374
159460766981
159499527302
159748919557
159812327811
159848161143
159927451471
159935675300
160003350052
160007020504
160027637592
160033852713
160056829402
160101932255
160320913068
160508571204
160535436201
160671295225
160914023785
161048899537
161142607081
161191424532
161461477893
161487454150
161540087630
161809056279
162044200118
162111502509
162447490949
163534993739
164075740092
164416022670
164450119162
164644137618
164827447438
164957210078
165849831126
166004783795
166366058760
166525394402
166892347847
167199613481
167325083696
167474230280
167553886453
167585777566
167659893142
167706116530
167808407639
167867521212
167999817252
168175034230
168217972119
168252079825
168614330790
168741669103
168741687973
169018770407
169178716541
169296917732
169367277683
169438972692
169791872486
169920294771
169984434954
170182515865
170404864155
170661832814
170828761843
171794908358
171879301907
172033207117
172132877126
172222609908
173735700135
173861563718
173874757969
174265365574
174307785688
174808912521
174920047945
174925507002
174973819313
174991507408
175022244771
175187045015
175252019780
175401728666
175480532048
176077727191
176201649803
176323087153
176352931574
176385325673
176461108971
176572553406
176702425324
176749616097
177063503103
177685392586
177786494456
177948166760
177997904516
178078075312
178105266296
178224022456
178267894860
179779250088
179997782423
180363676072
180847006325
180944032842
181517912059
181755038379
182113143492
182324731673
182353651480
182655486664
182707965632
182795222069
183296269521
183382959553
183385631221
183468680439
183596085776
183611100429
183749996802
183930590307
184139740738
184240302345
184511334829
187654772120
188097740859
188492950240
188538585101
188744919314
188841659521
188880090601
189317955634
190177625234
190269315925
190342038764
190425866204
190643832780
190860388402
190932005900
191083877166
191175773967
191278860958
193354982709
193579601625
194477558854
194614043321
194863756134
195019292854
195139012288
195983501665
196242990307
196406980325
196610632625
196668524502
196808856052
197090242695
197535474924
197644564734
197728511628
197788138177
197800669520
197916801657
198015719246
198036304210
198058826564
198149548447
198356844186
198458034361
198705245794
198863624652
199097750689
199628258891
199810371514
199925174746
199976920015
201416617234
201472996486
201526878198
201539666125
201572197106
201668449291
202216915770
202382408249
202508398415
202790518089
203332294677
203937357855
204185163434
204463294674
204491047512
204789839200
204886901816
205126503494
205496156244
205517757679
205962656001
206014892822
206314237159
206316552837
206498259505
206540807840
207288756716
207821794497
208253371315
208487793222
208575012273
209108546557
209527532579
209559071497
210144845468
210171766870
210453482365
210458446746
210539585587
210691571371
211516372528
211599369186
211657571946
211672751257
211719592906
211871086816
212001209503
212104272774
212255704523
212476515809
212577379918
212662303742
212802229530
212806608568
212834903412
212870361919
212933304174
212945922514
212971733293
213026377039
213122280755
213192930464
213457576944
213567467229
213955342332
213972410313
214117998480
214494795853
214655208788
214829773676
214986635712
215012097367
215041376475
215221130915
215373783710
215497900258
215750280711
