198025450698
119506233214
21515006824
52863882313
7816279397
5022164076
118320321214
210765247295
166663645997
157483929442
107136774927
40141187308
14690791076
150521643830
171753099513
2802502760
201002465540
144762437519
180387125085
131061212301
182326123209
28657902715
128696775215
146017501771
8929001993
2232302143
125440557330
149630901787
178766613106
126189084283
17591142766
215730917664
176780981936
134807678101
206314145185
177939708448
125387170911
28011784738
36750676275
201398973066
66635123221
165104823174
145601710023
142698638134
119106472606
179899138021
52194297699
196213841485
63233205295
160829727905
102713101833
150470295019
41261438624
91371202224
101577742974
13184483929
202620029005
170522597008
31873543706
104748559864
138966878073
168024280197
52516790742
161863421753
2325631383
41678430845
55011601978
22599990759
10973224118
93896439986
132686109478
122212389195
189473928017
174507894118
115671478089
193231808284
182798023926
52301288716
73046468325
188901508581
39092073945
159521842288
10034255641
154059769776
93578147423
78779075843
123641812878
26759412608
34417464172
202996764649
188328673588
191162694036
134569902575
173269428465
193039941902
152969029832
85530225895
116948948018
182215081204
214742841724
28209242050
129296112676
103232430404
169416839798
101842401422
89933719859
174228581650
153943881837
69031133818
33522122366
149851527525
163048181947
127492469166
74879931374
110919667392
110462559974
183327751166
146037553693
195532292558
108565708938
149979989079
20054120997
78740734416
173845419026
126571663142
128381834617
38657706815
10967359301
23011814201
176964856803
12409305564
99757753904
74787728764
15551777480
30393291295
16796084653
77009659310
199228795636
68322252309
5961581064
126699072100
134202719707
197990580557
11945368252
100580875135
74471212121
209107698036
121014546180
126301528568
12674947659
81079880522
23554037341
36170270971
20232301320
28169654323
39322071804
107703701398
154281791846
115194138891
113574475282
108861986248
6880442199
137971808765
23018208256
212291504460
46343635528
51272453990
74344201476
214741585275
96722515958
71435502054
206202307675
153015981345
135307019182
122265327949
112073667161
99034178653
131382007517
177776155000
73954428496
182707496140
77414383377
119017920940
111641006463
123418418967
15017386902
84436871260
134619811474
132600709871
167998928581
120712909789
133705487478
25619574086
38127702642
33121782047
54359694169
159522881481
36631185760
26368519708
210917673133
165426601196
139429700902
10123634078
165183733116
13560836419
208636827515
168393176354
29235449337
128611486750
200076489111
122397427543
17532925973
117844541201
5470188989
48077331201
206767520837
57766995074
76549875286
48813246833
30543819455
36586928454
139555498154
7563578146
105435782774
95433769846
89378303943
138215742131
130353354738
179692206506
117830584828
173168402235
199793473289
8311460753
18466056761
90754053237
41313620877
26111577380
95287744420
92011699535
14142186818
167624349967
178190234872
126677554609
24468350338
111147599869
149573417007
48272835923
198973787962
11199827109
192053636875
35314833969
101348904992
169499014591
43628045266
152937855129
39397911789
206580244402
134939250004
5808075847
129463742810
202937056354
45607201012
188253738594
66110605652
91122459087
83831376152
29700692002
104216172107
110404068105
17766717633
80916597197
172443907925
78193563476
10081469409
146878961155
10283614148
194092734732
26251715422
153576465509
46696433793
190606026806
114884333598
78770996957
210507679169
150505078539
126980784685
126243542972
160014087905
3387395500
73577078244
6405555946
21528285104
26487811505
1666673449
200057405614
137574580692
6260505452
92831773650
101015069101
37344013600
114322125684
195606519509
130106369906
12348488978
103684176821
197742977262
177070323265
101187760433
10848095384
95575315186
125189894992
133887518863
84621982932
148094387632
46453455617
164991757712
12875224535
90753699910
114410828220
153818723369
138381950970
29296129695
157659729697
101511218738
163407419422
112731278754
150122405588
44169236553
194511505344
84332626049
74709781494
173583762042
136920614481
53352824510
179099263157
148882443931
169648408563
111061007130
134633606194
197065399885
63691967974
119082602418
165390857561
149798766155
192773095518
145326963758
37920225400
31500105783
48251440462
47321145818
158926186576
204521791893
204969308834
141114548601
186009914395
69323574788
156628349318
116564178465
134544659288
74519962096
192413035721
160861303421
97727832020
117463657152
209680948408
147116636041
166651470416
91091075123
95558189909
48706358104
128874712826
63705787323
24035106504
24266901828
76523891928
113499504775
99217702356
44861390875
3554184038
152654240880
1326023782
54422465495
118923334758
146078004293
113290228618
30413656658
161457409903
205404491646
172021024686
67174182211
8738704575
78311480911
31280573760
52666725945
181322451596
21795348600
123111777551
152184739542
56759419518
215268899450
132108896712
30410081742
91578247326
196363250576
103936830935
140280004856
171216268539
104663800704
191398978236
71742077497
59713216075
76445523435
194219829441
116695374646
192958522633
45831033217
184812866399
126527316364
84567999086
140892798023
175092235148
45622306217
155694923976
160735904258
29497245092
53108715961
60695997218
47629663070
77257084084
5549188005
100888522003
132313014847
107903558164
206112698577
176913842762
129555374410
25626218152
107791393738
138256451859
109770186992
138142353683
80925442103
142058346124
100689429432
58633279062
204296193275
53153774259
133427205501
92878225936
36060191126
169863313357
197598255538
199623889024
84440695736
58752291820
67110990215
203124044435
112343510125
193944262901
181892351239
98310162279
2165605749
195791735313
72860773277
103353404330
160351946655
14996634366
83474163434
119791128331
160257768895
31558862572
10997997968
200516470872
30997629073
70272570519
152824553535
45087609250
131886476204
196576931645
191369578939
133321212187
135054543649
147455203046
25448291083
49793522846
158944981044
86004094830
11637441897
147001544262
110196856380
23914492092
91341959906
159779277618
93470469002
57434980615
98349566051
115233320147
172829549733
180130804754
33211026651
134949605996
39330218101
8752848130
68829012292
31368133882
92026414975
84311640728
40814072993
37350487657
92176393199
192367132588
127044821385
109003886752
56815215156
156903571005
107587440244
92052857033
92382297093
177473290342
59316574871
23947740529
181482363622
205568101407
46973803169
24454126297
140821079326
101101462849
64214331425
34814856946
74153489668
46784216554
58975948996
102897966409
132526883746
164624500410
107752789177
76941764585
54058626177
60401715023
130587852861
3762533155
143069112886
189515677523
28182687479
25409364417
164730806225
21207212836
193246961186
24273914870
145776682543
181132954460
173723764057
78025161867
55341997564
100070683263
198358600988
111528972797
12957873428
66681651817
184966047311
5972412353
130626366115
12323265273
112165348566
100921352192
188622601322
17950810897
97362907809
95082896082
140290846102
21845163673
163817172206
161387037132
195579704540
164765429478
46199808475
127676828588
119803166291
158545985599
89116531573
188836856250
115286127887
57926722957
19601397363
100928537182
17460505546
52326818037
81381619846
198771285258
114145949922
30376469864
64438910953
38972397200
12188825078
204377239034
174924386807
154717711388
12771987278
151339733148
7364352474
114179628925
10182656776
17431208614
132906817325
46024522542
36796453987
55524048648
909030382
150114058261
170647926463
215233484007
203932034192
48561742611
70035655657
69694145674
190263248951
71119936125
50514480118
160515723254
19096225424
110276158674
74415064145
14248528973
80690806424
132024614245
76335259547
9869140827
111017537666
93701598575
62756536660
64742785484
120167452383
94325650535
72157622960
92553170701
97611901915
65404364539
154422145313
120842546285
126285408469
34588223517
202602963971
80292534276
158180822199
135158420257
190170118598
72411666745
31789936816
1431725226
38879538132
173261469843
19934705286
39300074788
33562998337
107833082792
131418661845
68112179300
6424640758
147792250663
196318591763
90907230163
23249446425
54060288007
158964314725
72315538847
115424746058
172920146558
98959233625
41339825489
28798587223
16782353485
55765211806
122778574790
56315114543
23091592855
52923583622
158959576533
94178522524
193791736390
118783483572
99701564036
206891644629
112971691583
33495661990
89966074862
181741174502
100657604350
125841954675
21634225872
93425209682
94994913200
195272597675
67254256720
25573672700
179830641255
92707472808
57249109465
141394166769
124227727611
94051051498
51121265283
163055186689
205028211022
442868064
172110757442
94095249102
55097485441
70892418421
5620757809
30647023285
48501942346
116359337020
42501896996
141234605587
44625913432
166676694389
209581762502
4402448330
7970015814
67214663669
166449592782
190877628313
132479931511
143638468438
84985299508
23315259713
151120182723
188841988014
94186577116
128022720320
49504928125
186654080650
73176732649
138533382199
161633845754
191731453914
187079746960
29109577848
77998390058
170240811286
162712672562
137528476764
101866681788
192718847060
191076298996
13933796858
37621495479
114537717041
173017697232
14888108193
82696541324
167484491011
65731795825
192998368311
215440914971
18983329721
141668636534
70090114780
41857845671
130069852303
98548857243
81973403837
102710022348
153749537368
167280625588
93500596456
107853221608
81748601653
75324764533
73696321868
26150488574
108656776982
48987286204
28247304964
84701064594
79778579836
78404877893
152325420456
133746230040
22478705329
91693843582
113399803629
27994298526
67931811308
82786195402
86781103755
58083152134
20183926510
60518781098
10856860314
23160523668
60053727625
105286695240
81131649508
107920959797
170786209556
6345674283
199772733572
88659503880
55048376846
4379595313
21488976936
165659706658
103605064078
43199728991
35871119103
177581155790
87517269844
11659428273
155529232234
49667466510
9372575250
137400108838
126393074967
129992549333
196111674879
156825997154
30959627500
57265414739
168345589440
68475220123
36471897416
127375573511
204115563909
44700402942
39629219068
17237807085
51307804357
207312984432
204613845195
154110148032
39046404284
184756953856
115185363037
207454465679
104608885432
61700884692
146933063732
159567570267
129908044752
173949818158
122367417522
26463992610
202584819909
130482236981
153920913456
96010569197
151758563257
150909793530
137979792009
202857794222
75739060173
121615819301
37105118414
28048086582
24441440812
27378372625
106217392801
21998878723
4320542921
121644234263
136107834513
188298530171
122331268086
66310724506
78986767369
214943984069
71908370367
25597920057
170551523197
171963278819
8455560434
98096884349
55522346806
135073445482
144129350006
94241643623
185955603759
10061142038
153345438665
70882609070
74467257607
44152575771
109542195868
209804691239
69875745343
14184984603
24991608748
136382418686
122447051243
160277096193
70493226379
57000069391
2032257684
71883797954
126028634876
93601822486
76740884577
14019638804
149644289875
154031826079
117756912366
111652842643
99837614082
36123132799
164093326432
127929375346
124530806068
186158319264
122996774399
163127907670
111746938993
128510128355
151148369631
212464485175
158809773048
77418185757
78769407029
181722521545
130565276645
122803028106
9871287269
143219691643
12685549573
194916463172
48376921400
21699170027
128672088385
96111060739
195431707410
185341841251
187269751761
173551753561
156568532006
3208797322
13407245218
184687846905
196872063343
175755522055
47730339139
162762972469
174661774373
189338332817
48761749805
72335897786
113888702539
161262275552
38750857998
199169146400
100725891880
214744758326
136526026338
31508182113
150372897341
67936225908
124126889323
126745980891
105409665304
152469718698
184420929656
59624979067
196874316713
169921519617
188982587956
127870111763
104588875495
117644164030
172896261691
190593796933
77627628633
202010995529
132938617565
60800745914
178597622991
121375250162
101578332608
59793925858
19056544498
6976575769
103614555083
203218147461
48647605729
153203919898
54322717205
107442285312
87733725452
41460826703
81734110950
146089089129
135683417665
131111412128
193175658932
113905748421
6997413808
165690932533
56065060924
32328860953
137269468448
21877399516
54288481337
102603869971
84570824734
210502329937
137455716163
162925351913
68420339994
95137721809
204332261452
77233507422
42281656905
125295132389
92261815961
49827176051
209182271531
125729188755
170509557411
93677646198
36587343803
6377429644
155348312391
202729848216
82584189633
38143562823
124160644914
23180432432
107046308579
194872714963
172788262798
192739106727
152262911115
101968456818
123836858827
6179071599
28910123533
140726935834
6604965525
185738079099
90198883426
12300416027
201619613958
33962066529
131669735755
183709352134
197108224233
132776130811
191436482191
207206957370
94409810474
153794865496
187637699098
18334423143
151823216413
168685568394
180568882757
43553149704
148715101924
35618498186
204103302291
18374519930
170418826882
16831850675
160548784740
94930758040
55655478062
180093619108
36507376107
36387957290
43403809572
2494025724
151561134839
211983535687
62683399017
134289055219
112261392787
104174118475
210831581584
130589346931
114634597229
68700914870
61040209148
150771693482
215503729283
29052260749
99638723594
8194073564
66157853395
52999301737
208655463245
3981279146
13003894060
79851762478
81622577482
88937695473
34918440153
207937966912
147798267780
46042353306
11253812390
69109857324
136464256950
30118742108
118591508117
144870419894
162293666995
32313098300
10623613849
144899970729
150111948790
108707019615
4896495196
207267128158
189285391982
43422357695
51461610066
154799245117
139099367781
158620712958
9639657585
176077118327
66867139168
37212445467
77502243963
126593693008
104356767007
14246045732
3951708042
9313211865
33589134979
41983521784
189752366187
114383450495
150264578526
18339767414
138449509997
150097415184
184697527661
186098258034
72876936212
8551789852
20513775164
121778850226
195266088692
161319068373
192861074599
84185261003
200494660087
71832325550
37148411975
152670952080
11714044505
77334841734
47699012454
43664588177
86956356135
15391124147
164048065799
46163961820
166280735769
56457643754
194763014501
108938245832
54304459952
59549848650
124661335861
138310713970
187281135550
54241508505
116205918762
85095895055
84537583678
116787094039
143946691414
64546163140
187814919551
193000854918
39053689167
176587722884
173071195329
30526282212
53697878650
206956554180
149109797557
70994220115
181433327340
67480383306
171173155794
171867671516
72534917582
191864908740
41520676151
172059549141
46722072164
2146782855
124601405301
207940401248
166804478536
57457589875
146471299773
12560308671
180387420691
1484177005
158796724084
87675658650
198854756248
31258111922
78734839639
153608854979
144250983779
178738778508
15066345177
165849694279
39557396562
212144161688
69861653076
203446148620
210306203835
195272836681
97444012898
58911324116
204076096194
41920354234
35068131230
117733006564
95278897693
204737866156
190731101399
26170481680
34781455101
23027456469
155322193236
118158704808
199600902938
102208413359
186697970667
5431462376
148849494487
15597563847
192569883896
133361910430
117520180085
135728904150
188092694564
69342063293
12765858080
54524905973
163341677529
173218161903
5939615228
4855289925
28488141232
137989311629
17736251532
94977892248
101963359760
74826141410
159851947385
5288699625
120243907757
81164238400
105706110715
178957503763
56863724017
176645030636
142515189232
39588050806
109981888622
198974591198
91775170752
142756275420
171359918238
58921517173
76272736070
140482865639
11958376946
105819454426
20631781792
89370392481
111451966840
162469032174
162778841337
45180510660
170143347196
67500113355
52477336387
109460745977
153927311971
155779154375
129900208838
169563399848
207554603788
36150064379
31058671245
122264978798
138260850725
4965904941
17420361943
66353269245
119273183562
58249561501
196169178907
3521890673
177134238633
109230382240
53503275936
200497936970
94793292380
71995548502
176174412770
37029097525
87262552567
201718788447
153406811798
200186381897
50458443103
159728364034
94188784671
147633227213
186178015348
43749031601
93037092219
92572120433
177429309526
113178405853
101590689126
171375446637
121553280954
123841082253
38363910993
132705859766
84008785611
181628930458
88901089970
67080428243
107397819532
16204182694
144699286601
170862388941
91321858872
45916157751
200741907066
11215713490
194341242198
154146446107
80669857313
35610647039
141017574429
135579289549
95063852565
154794943092
97168196152
80316973883
105137157322
42764949217
136557660553
17058626314
79619111603
39910398621
154318080253
136852160800
207094419895
165651074667
199193552636
125652795805
31997378751
66478237824
184611274746
86559521226
64591858163
146678624598
73471534459
31416129869
45638153790
200077421071
111066141156
5127385779
126643651353
202498807206
18683512024
101380906271
172011117250
47289486283
185080477393
145102099503
18299701557
197838931627
102781628980
127850116596
31804153792
483135532
183479107169
134478341266
214091620054
71473467052
120773222725
111218144364
160680310379
106756896988
52642013180
3818583581
78278607471
60379572784
206423019020
87145477495
96481812196
76686265990
166564471327
58811384691
102174381180
1393303417
128136536514
182721075040
22347432954
14541766976
95207014317
40114442429
138611145638
197206655273
165466935900
128649737041
46866389609
143488757426
49025040318
182793799567
207107762478
103176384897
197292530855
4891208072
163224114702
77660231798
187917232453
166333379864
27416918048
38785312348
46440757152
191258184724
105415757193
31397512707
7254677578
93709270224
17858855707
112990269015
152306086159
214153592818
125111899153
165859644009
153675054129
35606883656
108929889299
71173046335
140220912228
213745093323
203646289102
115293236157
140040063468
175476586899
85287573674
88728598202
21513401403
77591481854
162462748891
76329561247
13905666867
51749577400
166725431929
35558432162
120849636773
140249153367
192476475377
154927191971
190800230958
124295979821
33026886413
21556291443
58670449556
88197611021
32418353052
144305144045
68534612149
4477360512
173504261799
168185495045
157091454753
168474337804
215838909196
212212453862
185718832069
143611025196
127599462658
130143185913
158091237872
23685547357
106830722650
49527642120
31003606985
23651152384
93272665417
98344065637
156123086390
143653142894
172491858410
103176891137
161854380606
172006696981
1596049279
142298858318
160316239880
179618523671
79496085436
168910889826
103556756494
53697435373
96608109561
25996561377
101564895088
63971231695
183380071858
146364338135
195372359335
64809529806
74945592422
87243191905
143098266759
154154015882
88764532511
189519522667
170516941023
44497863201
28002111014
173438409364
138040045891
164873990596
25195706124
153966605122
23394747146
101602426823
37610826884
121452300309
137512104842
83732516119
105534289906
23170094775
153724403608
200269635034
142911431892
22829920552
175256776831
175234325153
78331645661
215362257444
50679951938
28549194052
19081073881
36357901583
3067468784
97920544777
32486614372
112208052267
73366367500
80348322148
161330469066
48439264905
210156888486
123008054029
85989903790
189199910371
166136934389
71535660065
17224800157
36757396852
186546361581
80761912268
193622343407
75431983794
156134643783
70035679019
167991548362
87201659692
143564641054
122829502334
76505069900
188427025599
104893199299
2691667616
188184872310
62958573000
200074621304
133021621041
129975969194
184468441551
206180185146
40617328781
44706146890
90101573616
155456961809
167896884724
122701425904
120541404443
89494055509
187801931391
88462142310
110186654398
11249045077
187683045599
141296445407
198438743097
34937092723
161808386213
205723332014
57085284617
111313312255
69267594959
3932656750
152959903929
26843184046
141698299705
190528647670
191414914278
138881220720
48929222127
22228163999
160056900046
211999120381
62605321833
31036176608
206134927545
96681882263
92610321825
46619585672
8928958403
131665525096
24134304079
178277990870
176129740790
71679145430
65690920144
172859770142
62205502116
204718084274
195739608731
47010001040
177976496124
91568925487
186579296228
134692274278
72082860265
77871720263
70504961506
146490980701
64231951738
78516727004
134841121986
177949592024
2857999421
44380306585
150690137083
119735926297
92336287744
32266833113
96150317588
25856477185
160614415544
70296887716
65530466378
140241516834
29268441397
49682399962
122565245380
127180121827
63419794475
90590690978
202604638007
10431999872
65238180258
201461220621
32987346936
29588946482
176183567820
172949528614
128774816054
174072224746
30803076975
202257252937
32742416994
143338885917
168497902940
82405290318
10676581635
191219451022
154217328329
141528519512
120756899224
130764356641
122719887636
79971948377
11811907398
150883419131
191667599623
91375056760
182772548721
85983896222
32993750743
82401618293
95643428493
63625082253
114701824366
70757054103
77269447023
199652341440
70168770024
55881352378
136301487550
92649864020
38339094584
67793185197
33381191048
206871150647
169145019274
4541654832
144219345714
107414344000
24162256948
83721101967
133081003187
16337627589
165081946254
79959818366
78826079130
100280719833
186131579061
1017493070
207278146086
199213913997
36043150168
196190227094
206523224275
202411700223
81633636423
148417251089
172531736406
110499857014
78581608563
200823878256
211057176643
56157571350
40571771295
166798721082
195262327164
189347233907
200733797295
91218369069
5101789085
58151088163
51852221539
8970197833
21597302690
177553862527
38274068552
49566456335
149154306685
123555833080
89248319478
39552492563
202507343053
98138831698
89076358005
61588943941
34565057658
151360491342
83626020769
52105660635
209567836184
7849340481
172972783351
167647153975
78058069758
205523966105
56357986629
8277452871
211847334639
152017678251
19476690960
128598282943
79853965312
142622009140
67217895603
167364145279
190481950957
157189892342
174313836971
77551004067
135762174303
42046198264
48548921504
26499378324
88044199101
159420600444
197183507465
63794062310
148296810712
24351761389
213986105451
120319419202
76928898612
119720280784
103135365170
197950785075
122105779298
78935274101
69418459159
48049168432
197604220486
151626322084
11368121115
42574480514
206962257278
107495264034
8133168073
212658836117
38254865038
97455679049
86039724832
201622399185
25492135206
115925081189
131342501722
145294425473
176869639294
152504295449
198870995912
137688023026
49468934264
94262463082
98299406468
192678973151
187671902906
118845170354
3448280726
149915501670
160892217156
80480865016
104063405493
107429410693
145510298703
213008123235
194665138587
215389625073
159833946703
171558958837
136090313178
75201337536
171433858252
3945112142
123970220766
36764807774
99000191672
40928819413
140673918737
126419835370
168531690316
201382286417
184569754824
123064334396
115885490479
210220064657
49636308386
89763411997
164143094710
197079190516
157615805462
118879250829
135541737722
96602386873
176198779095
110347897173
1243202679
104911495900
128649514382
57778768327
54071192929
187153639283
58257378080
58890179712
42963294390
8557887925
82439670892
64622772949
101510983526
154985827863
208429592523
102906155608
27748001291
122449058852
21952203479
164437673851
38835630118
152703303344
172021919312
175093901797
149186740161
119567969162
131635859539
129578505682
160069521432
21802938056
177391670214
214535157429
177413236428
147990957012
91909967500
143596787828
89587876313
119660951682
127325571136
193769518057
60029645367
25375348251
143598984012
156765792560
102086224465
144818504569
188979380509
24819060665
116206480671
155150108712
156807228840
51441367740
93287734450
68438296797
28587840941
66573171803
194595005049
37479962430
194893791599
78814736713
53976000628
150910447463
121862579710
122502234549
214888086542
185539083071
76121546298
128143822164
97702952485
13668612091
37389427836
100501263019
521289101
113805768136
98881702502
126242445490
35681952349
195417909466
26451725525
38208586022
15369720748
33828657307
143626975343
44307426724
73481511109
213655668497
170110058164
1771569155
156206695553
98475409036
212613075706
129550452950
166375157559
82625157233
90269172929
136554726305
45943210677
131057790855
213130206635
104316610461
204973798916
55580402349
27765755592
49799121563
9734212303
202236453398
16232273903
107769056290
35569971709
64328248163
120722837042
121804783930
144103116781
187769047372
4883422159
169023850417
29044069922
47032312683
212652740459
105563722566
107264260740
17289830001
44146331396
212096439561
122550833265
51320441468
85989884088
58627405893
133010674172
32425495205
198500977774
99623549530
68453538381
215610176424
8060035355
143423005247
76855452846
6118578168
95704709509
106351810865
109300373719
199565640367
79692904621
112525081238
62740334543
32549354740
174265334419
192593460398
5608143718
84511498379
178664905876
173840454510
100944880315
194363534082
153453066115
83607164197
167615120670
123453732427
150229973516
159043135960
95733176210
169669469835
5543505352
32738155336
63998942574
58224461195
19036292840
20254030510
16017695294
62199810582
106869307990
144678783203
118269697690
29583413573
189313643164
48833661562
46354197379
203610479739
81690473427
81943917441
149221665292
155245527164
107121671538
66555717657
168895888957
173163275694
90638477834
163693946883
144270218496
153658773377
140041995986
205880472307
159213756027
81547772402
179072578137
134254701219
120602960954
213433276878
10348866356
119419358969
13266805403
114702658610
12129076162
163163411583
101188323501
192346285902
123562372610
105070310371
161627695141
196275742085
209099507997
183861344993
187541247755
77603208885
109613816786
173358338708
23515944820
35108342930
905557334
101767540325
18876949932
57325552241
176046338007
168743807235
68261420968
203259942439
65691263253
92622753270
94261479240
136037191805
80550732459
79801560538
194457327742
76912314102
43534325647
149975997568
166872640049
51561090426
212764367174
201001289556
52545894079
200896278274
199291221427
4231212676
162961897150
44462140143
145653470710
151681743776
222989135
632803358
92116572667
190473425161
209957403581
37182963214
195977945804
117771119950
210487362990
35106990289
108536240934
56082872173
160763562831
30648260357
5977879634
13129519988
74117498962
19558180905
160948193873
19879892012
38409638310
28988136044
46246761284
98083802665
69476502119
16331971251
137134248999
74946358868
173511152443
197326490591
70361079642
103704019150
166122802216
89965738926
184908369013
72295271883
200368632409
28869053039
92755681301
8377243327
34819136135
145283879282
113358444221
99755275089
36267626456
148002188062
202951826566
26470864444
153461264432
131029131091
181506483526
33463016575
60792428832
208637808200
111045666644
51237866307
42830530003
146531977645
30893979866
204021329035
120634836375
175769760860
182322032477
8215576279
32347155081
50369976004
126782228001
170335185765
92576938824
11452368305
10417112626
166851247983
93471777489
30395892124
117399183194
25789103181
58380115191
9923743141
115837187462
60571475892
161815676094
206230875301
126587614462
52548035937
8810852924
70544150125
177181921645
186894166928
215025711738
144848021402
105405863840
60467491311
105438360920
80828568682
18875166545
12785459646
20355395710
194480460825
6055644953
214618809098
213485631254
192573347986
14119953977
190437087036
80461042621
75685730487
162339073112
81865571995
153030034743
155297505522
174358671169
20390088861
176244293287
121719333971
176970327675
77707667118
16907450406
29139191278
173087286739
21193586769
93049579468
51752379400
144214635113
183363683989
193483720466
122883578058
87726505256
18727073345
174078544568
135641122829
209038369164
161457142695
41184529916
14525686703
3947454660
152287321546
171586228240
2356514925
202108647877
103714263512
82872834100
39177661801
155859270958
62591812510
147015436989
9677703784
110404515322
1782863506
96710376197
120649884414
51406012448
88731872403
144048061506
67568197819
89217265505
96611821090
98077074044
185876307073
163392458411
80321266499
101814505262
10933433296
95776591055
207806767744
165745134982
207108288796
78176498551
28190303912
188274046957
73726969706
87282856767
51255088632
163464625301
60079618566
51626869555
72168300295
90533397840
102056120855
16489403852
17361780047
192960249141
73948226964
168240961616
96119595826
22528840497
104753206558
48686603896
108775006879
17699605198
86441159306
204779697719
71524078746
84577563622
174058034619
1097358130
163074557811
4624597309
56913169233
39255676420
102222571770
196874327135
176542428924
171360248439
68089657932
127236210640
46139642072
30556487755
168072859546
124906886016
98643257582
177071889240
98297435215
94414745978
48520313768
179138667928
202674539493
173193545142
62315270763
38725554702
75310222184
198616748878
201245014266
26387262102
85483044272
102044389828
181598266476
7258489647
31733862292
121078050026
12250645007
138327597715
65120011367
147212920349
213057882408
150864067639
210077106213
135333040011
4917636407
50777404285
8678646929
147371083418
96372883794
133599182880
5607509410
156868151359
32184898958
169780424992
159828944165
53994986911
88421862071
113536784557
30800641342
5585524122
99446065078
59103350315
165146080706
124648217284
128821653337
196702598350
144582507672
8971384345
38631775238
185456963263
73490201625
22656097784
214485642008
83169411713
107894795704
212300983414
155578680748
79748173545
92443195942
96295295297
5863744685
211145381081
61687360706
97209372061
48723235641
99063248624
84059108011
66301018475
48385960084
181063147826
31226755673
95802803340
204031919578
86394189103
113970739239
182795585041
72188201003
73358201893
26305413188
56308082449
29570371684
82117346803
132228270522
133883525830
150587218911
145306091113
136313808684
47152459534
159820717623
86994398970
43694732778
211742908846
50956735501
93661315700
40769908655
211884554107
173536337523
119292572221
169308786001
31504779686
203033883861
94089428947
130889471061
111172764202
113826604532
181169769901
203606106589
55083252599
17084866916
82169550965
189713935288
1734706261
209660593859
61371694970
189513972499
182731980879
119968771880
120760436621
150407365951
133041525695
209513188792
11646486371
9147577262
44228109945
167888557517
113843749864
49226313881
149034138398
299952305
157236320002
89784228445
77927534280
191610147302
176069977264
215092586650
183641744771
205710730061
70113834973
157642420043
69826952997
21259228727
147661777939
122351792054
100358852521
1269759395
195803433330
102858637651
206964886382
12099024533
159883208468
10818361516
74613279660
173168977592
74551795784
20272429078
165737872205
124146132080
105594221297
44951584523
120354165949
19659786470
67495035274
199586065118
194503972840
132191423517
194402192817
128995970917
199630263625
92576707641
43812681375
138329621755
31377052289
180445629123
79240957364
136773840523
213956956421
49930933245
23541104632
200934600494
124183568334
103483767569
100816367940
90412016645
182940041167
181307615582
31774524483
171057131702
58434979010
214889941924
194562532038
102892407229
130880406248
96533341661
100194652455
101564040009
51642814351
200825616029
86833038211
190852116090
158661063013
82112314410
185843540362
160615915066
107495208058
188713652768
135197374387
189396880615
92547825597
2310930421
122428137397
80079678255
150037446900
31886567357
137614808101
121940859724
120508048498
158646372533
56229649611
44806155031
111203836795
176685610035
5467776812
163688254820
159792800135
87396880032
127233477600
91132292142
92858058214
159773941731
176080163329
20069026203
174605289078
95973896235
20662102324
133363936839
146713540059
17335103561
59321668827
11166948700
72671430890
149551142804
56963533464
188081222424
176691594984
101190827393
51185660704
84851210539
105100486016
11102234029
197413343361
161420510953
111524799784
71674647572
185588346819
35958171510
62841149416
89304924523
70660716326
93863555116
194985069898
74632958017
146437347531
21202428630
69803927492
63173463741
120436082840
67180556035
76697350353
186429224255
150600852426
106686771401
36886976568
186785806921
112727467060
10348902479
209705753986
30397283627
109923644083
11147576036
56284178976
145971413521
104878229362
63026884510
79406765313
33296433263
66619188026
201901329129
24425558032
43275189462
174437737639
2323000845
106824049729
103587260206
30479565143
38583902344
53972149446
159729641154
169626657558
108326834957
25878979913
149409967019
201200651933
69611085425
1273595672
182816983647
66430180216
47032162008
141084729082
20488166795
86680310975
83333202344
120596678410
105221014282
200902152314
196578216798
147516428725
196808629321
153273283977
87574354886
173384757381
215114678334
110524400265
38416213856
67078729791
143545898859
43544539328
199167947558
15221729931
210497742358
146876027642
151440707715
64819988623
130206337879
31571811353
132900481121
76669835071
136204008868
153069577620
86057180400
62852652487
61443450907
2245744365
201855726599
36422952789
53710936094
197075618099
24744410317
90051736973
64242572940
193380256182
180200688694
147914355768
173007123293
28373344379
185232215123
16621870172
101877532192
25345002743
131342503284
140831986729
215852036651
207956941251
75507512406
171325088048
62045379764
44280681734
125807272308
142406354245
102782239616
194999963172
107325965802
56122106060
88494785310
189901458523
103381488013
74921365607
63704595039
7837515336
211440136690
167353698381
143147987685
98561492222
185434823465
79551246207
204965161637
115772170763
17896497717
148476397235
13317306477
162053265737
80355964670
175074283025
189566785119
109553676778
40207590954
195543071729
129003609931
29895278397
165632713959
211748964922
4931638664
146901774877
64621953420
76844680298
197979345359
139286513030
116022937106
98960513938
121374586828
103675254892
110412835928
2387795531
18915753979
6831161424
212754406783
206160079347
184187751913
129008645484
81647655500
189333104934
71785153915
158414999789
19274689468
157460067402
28198193549
111902073317
58683033944
70983044727
169639331197
4327678469
117318372112
132113726328
104829510651
75059156060
41930865803
81348256996
39460020928
137265593194
264746231
71988681028
147997664956
23065612036
115841960564
194081532246
91995980607
166501941693
52822112571
121067899501
10502072926
26273271472
78225921075
8574280154
186531223435
96215531570
210272553256
78410677942
123034208623
131704156808
202513518440
156183916351
158136965666
42169889228
155830516647
174538614495
120286583414
61428158080
120837284251
195540020026
208143933761
58368544290
61330962587
39919539421
116110126584
159771848680
154608540331
101087039666
181255180779
181918219068
177560209856
27723497604
37405865463
94056266321
122263100869
107879563422
17616020238
182731864868
79812809778
165594243516
194362647308
173024715839
57749092113
113497488990
192785435201
82312293019
2906650882
101775542427
154687367854
180905449729
88236638287
21959320367
152568798245
168827561957
35803962439
34764315871
203971741630
136935442627
84302140449
206426128596
139837862819
59177584608
30083207939
24336249085
110898645005
159788251084
18457014669
42423708609
53247568971
144143729387
71282967293
203253149527
110395740283
185458594597
158849218261
50073067600
155832681614
14850661547
83207598858
21950321302
67403592743
215575492306
188003042071
80162175622
212236146005
40606769746
2080692631
178306370786
187891367960
179066279700
43566909949
36028507271
75403359511
77587782517
209041465046
34059812641
157644977612
214960126553
88787570545
34185558875
59913226717
82358040407
86718158864
71838779337
50133405446
94481521117
98369667102
640391088
15195327617
82140806910
109423118700
172256144077
23949824701
121451557460
149152322413
11833356306
21759885081
82930622749
204489595665
179515545081
173798969406
127536822027
186003575177
27041605738
49325153371
205751499733
157576284991
205781685517
98446567510
5103100276
211164296216
21636641405
101875955269
73510480776
11057895719
148643127708
44142095028
126381514679
142753295642
51165374572
17005731436
185089357230
104995354060
200866464597
168079569334
52130787328
139964140754
207117497499
159818470857
71362278910
11650970499
6976379315
8516934423
155271904038
178755578386
136034434147
87878686993
53102721895
122133703934
64504164566
35790692644
210842241000
142563644360
95283949970
16998473859
22074793500
175202841840
41520079163
3207808079
212877276003
97072388845
55151706121
125711567104
97086627638
212187412220
96936730644
18416404485
190544729295
138757704629
205119236598
118217864839
130558169525
66961511081
215779707907
157080937652
106164375787
211954642616
215268294562
173869699541
21081933328
144749935521
132060884016
65305520511
51427140902
199931947679
204075220349
83396489203
77236875487
200672014649
91223583218
38818972697
155472659920
114314267198
65608857281
214079284686
190061350337
187446608276
45803673551
32364829324
152655616850
43057738847
84148516082
106486359827
208319583051
7417428969
199624762100
70771725945
