109311
53089453672
117089879368
171903672956
127082749759
30490697785
211846694099
53832007990
58323372022
20909339865
170159657190
8994933998
62812327183
105913688504
42119995718
126368833689
162634108168
54788913787
138821022568
67261102800
138454843090
99018610125
145447564545
188276607566
50662293360
160746669433
153859160680
90999574723
27575005439
35876986644
168640658863
12736125161
118130382202
91282479010
132223235706
196352732114
159742466073
150220298572
151018912840
31321041788
141152177825
55028541462
80297764641
172735519303
62025304696
63043790128
183213868902
16948076269
21391943591
84259731381
61695040509
207600163825
104083638195
183440814612
30113895203
8363003480
58744240734
93726025965
165120419044
185234483878
65788901334
85127838431
108678349917
142905496990
57582203679
103263798326
61130628231
116353105537
42667142839
110099363914
101514825602
95228992301
41149388296
36332134347
68555657948
46888213621
30056912251
149455249857
39898922520
149487760739
160597230291
68704111991
157943844351
95935032455
175728431055
21842157670
211391890242
95110111681
73149096207
171548597772
204226708410
87534787339
134376281620
96968409471
32312254657
207002574724
206158134835
4313916458
58333907759
35056121209
163489155512
208484300617
56691045544
172093169948
136918788937
89646481813
107965816074
196540970979
151413158464
22792771511
88055617196
197867689686
175701138684
135177622242
68382458726
108240515171
212071209595
171171919878
161015945878
150169065305
121866384873
152510074870
115341310713
91679091639
31699922534
41254704131
15509689178
57735858884
57430224956
37657014702
109497374890
162134330203
113696064619
21446044434
119626252135
136294990378
85860850548
179021052213
34833660882
133217051660
163520205286
49086210311
200508691705
902362807
132111629774
188339778850
85868773496
152114077213
19433388713
71470712395
96754138797
85857212104
83235082852
16995962271
161306349097
94451040438
120684010590
73665435036
194466408661
212811832012
124951009904
70890830259
138082362685
85934058990
50953470596
214115935615
189161254069
21208908010
179868187701
167087352595
59335872190
99332436126
152291370111
102145472988
104739380956
182824213183
33049618948
120482602053
15376826050
81125001012
86805286850
56521944435
172804104384
11535696692
29416050154
111745517717
213137192968
130504039780
43453290886
45413781109
178711506240
115511148925
47392272317
200076490789
58170966674
90428784820
76820418649
210285765632
72010089158
122187095760
17556110374
91345475673
168609152485
88886977523
32940106947
39127238957
125097945755
132929177876
192289833447
42761238781
84498810126
112617089700
84717259839
199970817021
63982041025
186635520928
172946039816
207141618519
27514499082
75629342932
8044476192
99896873362
8164789600
153550537398
50342245194
136053339826
113744067202
27274379479
137618717272
78571719376
68925596231
188971764031
150303623718
108178677723
46149170244
182945357124
132008532014
47611348267
176253302501
137052201546
137573510591
62371031436
29589855817
93414840906
20467044920
21381580198
131825451759
121382552934
86979030734
140873203416
71163261739
36546867867
39616253198
90030951907
55577888147
40653387256
33021591748
40631478042
161221933830
150121466856
213945705258
91863429327
135491251551
34642037062
99889008885
90313392939
175027648864
164235458673
95421716526
20661505894
202521129897
121862559257
8680855567
150533064920
174670452264
65865357855
59178675093
64531559859
202874799230
170167388918
166783489128
10761811738
156376343255
90111989995
133930497257
118088388795
118366411497
178827045633
90515117586
81783620319
97116367468
499170000
204547323076
136326896185
153602459354
45997879102
34967029891
64140975902
12736115283
137321300730
81211799975
176375802470
136034555302
202133556640
143326633959
77972498933
185482673940
118365982294
79609578419
165200484828
100872706553
165660384367
180135513213
91926307122
21964717269
11954447632
108103942697
136850537179
112456912776
48137682574
175129336556
49252482701
79506414270
50765258619
163248419563
103887145187
173287284827
64782339445
205098934272
50777236196
11562673162
128421214268
128774549633
197521994705
124032599957
175284132514
192426439627
75565978810
79988233328
39391585346
154266198606
151004301920
46651418920
34913327818
200057491000
82519625449
165029732625
141169028611
198224225374
163808980422
186370136183
200323509481
102653486649
172201477864
160824590561
46446082166
66281699904
176502076008
12267686778
125735878563
214720191365
158701766439
171536918132
214281344643
118202348981
105542975563
5067616149
150240091354
142519465619
202444223540
157685709223
46875875155
22443954875
11712843419
63439450413
50175206100
116840975818
125301859479
36863305735
154679592679
191389762123
193255409832
31773966547
156781430753
210725689473
214065169707
73584602624
134328048421
38269973592
123005042086
156602384937
161647091412
25143815730
106419302659
214274600662
185081798074
214797067234
78576112171
185394087101
82233010791
97969464594
163493249829
135442624949
66091379630
123067685304
92548512032
22092512075
50744279016
205366186456
200100117977
89188801802
186341023013
164068203801
195757353156
141950918466
53475225397
199390267990
212492109972
169460051618
200419836227
3417388117
30471885588
100461071288
166685109661
123186256516
95724042312
157493937559
214032156711
138379191766
176698761848
166618123280
39615937638
15200846987
165785094782
136527767301
179832394210
162408542701
138927690644
109373609199
75540001163
92785925864
205444848986
146120090649
173255652431
69123772848
51123867730
213021432875
120487801390
12902155000
70305776661
64953102547
77707444261
16424529771
214010243836
53781069208
41818868369
175131828922
49409932866
47090061008
178579808576
91413254895
10348200549
107508362717
122864279039
193638265581
187966172604
187179658888
1076898788
113274193705
49053384184
36716775109
128689081213
116134668965
26544580952
1227121498
120732072039
53902578671
21032756653
149760277554
207472268376
67868341916
157969593624
165513978876
6009162525
135051342102
32344023691
193935162891
82479756045
54444957873
181669114772
138332585580
162065892477
213566845967
25068229808
194573257227
84265195896
139899868227
33280068692
12051927069
119585115046
200355470173
43528390217
36797570283
36437655765
192573811177
173682265320
109625609046
196069682213
93298515846
195560558137
135829176508
159777014441
61269735947
143293082562
73738419044
153401532044
95334172761
8492322230
9684645291
58423552670
165675700277
61132338368
46242399230
74015604389
159163127239
144431927008
112671535027
42640044992
13795928992
70063311898
20311369602
174752420711
16449382844
93138408342
170030597076
161863106890
165470598504
159937934149
3302981109
178163323639
128606770663
164281900978
55905663558
169128587904
80212471704
11667373772
142121905087
38672987140
23191933994
103484567407
48715756825
102717000898
174867124697
169754162793
211163930343
213245668759
23763295354
196115731212
38062334002
63805940419
25636489655
49959350027
49104073060
213652861157
15360365766
39918284327
195484396201
136657568468
32844452803
157315399405
75746270560
136286221677
21430603344
192158153132
63552025590
214605863741
53809842723
121567217516
133700171421
12022743214
128533368146
100352512779
213750322726
54273489160
52283817136
207664000801
168889572919
118072984589
193012078525
39412484694
14020425771
111666013861
37184368350
135566492545
96374430447
210017765668
155924929700
34737285138
213520616743
50815902539
140840270352
95757514136
206218716254
25722133579
158404893094
188268480324
84737837066
58046413968
159403997517
194068025273
77305587860
8047061753
100861056216
184124759723
111778343168
41878948651
62142451155
99282790832
129865812123
26202407874
121370524785
167337930200
195395265883
17018453516
192931282618
132039297581
39699204260
135420374739
26624235485
25892413125
102137371422
51488788855
70508211353
87699564822
90366412041
154354363605
210244896042
128694745534
39406924891
204636411604
162231709843
132195088257
113940668949
188420933542
204942814869
11190035324
78280113793
133170273206
139334431898
206547665575
52506227780
184316985059
49156392173
124095139162
74894890438
81412973495
89699326332
31546979501
89505179080
186932358930
82190616182
56123973986
5730968255
176876259343
154370149611
50884526646
38545378061
108601875479
109988002409
92337768275
145509383021
188203516404
100719476712
81553507184
186285160058
5426786236
64756677407
5139496843
99537952447
54226217833
120251382451
157260015608
187249879819
53624383503
16287216960
116399062479
67030915354
67701301019
85689079596
130353814567
72688131035
79593549061
210823202385
11976283658
124610479489
150656754986
192050238430
89628429686
18976324343
83767491196
28387631314
181969246644
119949275448
179358967238
116591199461
175807660034
182071367592
125898629892
54190570112
173387327434
169858557356
107759683007
80762825411
191101135536
73530425824
114456596058
209015910404
63037098128
74196382528
45235622582
140093126051
109973521823
175885169249
66894330095
76133473005
12004841709
203731756211
33565398936
71165544862
203405548063
64055510421
39580528165
5757950091
108117597967
151681312159
115186507664
57676281761
201458356227
139570933197
150691590846
183231884081
167019371500
29017690025
95491928427
178811150637
153497866424
160604502025
8433797924
112559387396
119082745425
15077241082
14931886466
183951757305
201463092180
213344365655
15129987158
96173494644
47561005957
126253001245
98238119423
52647337957
38454799994
171890274206
210559868503
144153445941
110273549207
88279376023
43394035536
213985748775
141796049169
48956281756
133237628615
212426188572
180620713614
53099533712
22907431423
113491340806
18641898683
84821324046
46092883369
210061867965
94162993088
103868272097
214010145067
142289744972
15235981157
92739207905
142001405766
189351897318
102844983351
208903015587
127125084369
45438078490
85568497101
107288015667
177603424931
74130866194
179669652788
176105027912
191123217726
205648353460
98438017922
55119965054
179149118015
130731014897
63128659103
184583322154
130218276870
185955691318
86561477886
183967944782
127894513648
198724525498
73032685360
203150917201
195461344756
75606056787
100043434719
185575355703
69657118145
206053095989
210158155214
146333441027
6504926710
41824670244
31779234081
81651027799
32144122124
43359701197
122514241126
118106009933
180798063933
108713434847
146502573542
119873016449
38485133423
18609418462
158560809272
158186873751
32156581774
168722385599
161585621546
21434863895
48455408705
80032572913
119559887316
211951503506
148645675897
13539454881
77168555969
164972478413
45235203961
168037177009
101846068164
162378217594
166204293620
21007498429
114460180687
173720034191
107052226115
122546835683
93221053490
64127756057
109638868798
155072795054
211036906673
12733136362
195753052639
41113424167
200336157701
175493130447
139574194008
19706868544
47867087425
2336935265
109237626674
202211067945
204089829523
177970684161
207106556176
135298052356
196887008521
156363601034
129487937796
159130859934
159602716497
21582808758
125423792400
123104145468
27751514727
163717328460
207699237785
42879683022
116714807164
85705701736
75300133053
134263310050
177805440587
173173827683
40325024781
74355568989
92386809228
116674957636
90239088791
5018484800
63005266534
7535889388
140949241088
62676358918
91756720493
194489306846
157829041075
77415674175
20718578583
19447108168
75204647905
103536239025
44473386380
95734239904
177762226514
120186117249
102766027113
197229361739
163403226281
20984962180
80654139739
185360387634
63969600000
121513503262
134471588605
89180323066
109512195693
85862865852
155140275401
15268557904
90223788507
169699801993
22743525048
66182675339
209991733423
77700943255
7059883486
186343821321
39361273183
26198966626
168407114228
130620009586
181918226142
164923256265
86791954157
85301919216
66303674759
21096708950
153415665021
17879532906
153744885763
65334919094
176826058398
139536351573
215294779958
181496050049
90591047214
128697699001
157356612278
92066878
68704184452
165195534884
168492448005
152020248178
73818405175
194673022261
150361298068
194916787840
3955624369
185914111683
163914692938
78773498090
47237111391
158175102013
202259279613
43605531841
55590409077
14255817695
137275906596
7582861822
22884663950
188151096992
161860020092
135842908186
177015730470
207474443583
2081254503
53830882540
92938638732
177508293592
84783760959
92118272710
200964839815
8522289016
69217552865
197957845195
171040671908
83407705649
213995537437
201368847147
138628937012
203867932560
165613891686
126269731428
214187682097
178107947644
126223072426
43169785687
183663236015
278807933
130237553704
115946613231
47951926378
73174002573
173330556801
78180884347
16366553063
212316461424
182943932888
60510879708
4818698701
205197424484
61700036827
45831767474
29242631740
103549153332
60782084720
205920228908
96739797308
3297603225
129141084610
38734746108
144446855078
171813672562
161421481459
3862029994
158194994587
182502822513
94089881844
155874794368
74888783462
141336065083
94208089715
141215406357
26096900652
4427329487
15558809171
119244414771
4268310211
175825361718
1596325469
96683465212
9155243327
205252896051
9483383351
102219719016
13241844997
63168564866
11159590173
120381681300
165797372459
37491118213
60485247644
140128778758
45346200851
199334172411
150974355942
111627458949
47796341416
103191168620
27473235303
176576239320
140278538971
91784419271
135831346443
156786530911
24758464047
76623444977
55789750653
148541100680
36653469613
34624566009
83415747591
143898971526
172788313893
154095273547
78118939887
67063171398
91561215651
113367802764
132120777344
197367346382
97475237077
9437988800
86191405978
139709742251
36068130989
129184597825
102612905318
163615059584
169925086353
73973822601
126633777287
86986829854
194644486369
171959813090
106708438794
10900627895
130968080358
73413406868
87244164136
115437750544
157961543624
38369542395
44689414484
27387477550
116769734052
191467344076
41463874292
200657519177
171834529680
126535818964
2606014206
29066940648
5930365603
114195988391
180793663709
83223940007
2066090504
193263190191
126793821007
115508136750
17631786973
178620255798
156158913016
127718733929
156919406904
56260612179
183306977220
170486792841
138306172233
34069780591
65163512007
151284378777
48891481184
61391031343
130845512964
204214281476
145726328983
130930376063
119953286764
110908487310
210167390601
117769592535
188723863355
93961602359
197876683656
43788933295
5545361040
44125150042
55604806322
114506513077
73094121347
100789775839
17260115457
201880009709
91192946083
123152238077
190226823116
120981197630
461592400
88765927847
48640528210
111241699580
60255377905
15973768371
158348780042
180885671511
145734701818
199134316704
695647425
79659051847
60868234970
20824510502
87787878135
196602373709
54831781047
53476375085
9129478048
76729230514
41635106736
136043434072
76558452605
58034116412
43449761875
185762143603
46716248008
36727181562
113125655405
149725424872
66204887511
102774123482
137111609902
125776012783
149776573982
117468535977
83007048120
168573570910
41746191829
49189016561
83211331435
131664667148
76800548403
48480310384
181135826041
69662794314
127681076339
99267369467
73269365600
121787081194
152003462903
150238410458
80258138225
115595999466
57870408942
196014151537
167679602705
106027919134
128831528927
14245146897
177996583566
133643000122
206655675033
206068264519
122521551962
146603456932
38715067730
194788879727
110288379648
172597084832
153969236361
67110987249
82072939907
13139111079
133563894719
121430593097
202482065639
93563247878
64814537178
94644162794
172665408116
49497803391
9320852254
212330338109
56293308818
137682674805
29791829637
123470730269
97890657062
35822406744
146858919920
168911220671
99197425228
174402921032
208116425890
17907389496
121791083091
8285563470
51207970363
65225263524
137077041594
48275854794
172663393940
100258098712
98359377000
127548518872
137139809508
127059612326
34836249573
174754039160
58777936337
77618258153
168139129080
137015624857
11954979410
215653305274
70139969477
176720733261
126874426567
152552813776
165968084490
17334874861
112287336892
53524586864
210192336489
193354390329
101732079583
113017569838
85146849713
110882521128
177286069244
15637572637
107972908470
202973298487
179898489039
34624559570
128832855306
26266186740
121260372741
189365550288
181319478164
188201929230
40189237426
86653846563
43500741557
167796965637
82328986310
64574433347
208705681381
53676878017
101162011803
150594200255
29952893447
190003157378
208553100804
78765682003
197122649600
27745884767
120580127846
152059190153
215694048710
152902586915
72481720152
72358616295
170354008266
90463114637
57012465766
161159705063
181048577365
158406485576
134018173698
66750380643
87548131470
116547957944
63888393887
57835159801
34824541641
36151982216
185372185419
132982333607
81523751082
31064110695
89465926033
96748882511
101762661579
120840831039
2880550946
87838435769
158721420428
34080039708
104026879634
154378776742
146733519805
188467875111
104059603879
105703020140
214120790280
4886698489
168952413509
108133150715
131406567449
104786948569
31827871741
44722125107
56208336651
82909396586
171900589025
104961571906
167259893035
189199077820
199350914181
12841136432
64171456390
56106002196
215227201713
127396109258
174245384216
34805540291
99527813544
4814674964
172508260249
78758238193
91996461897
128376668169
188194872653
145473960228
159410490609
131819823992
79433037230
90391832853
213939374953
193611427579
200430316075
138799481170
178211218791
97304891857
156977220337
44077915697
182617593506
122230310152
76696033692
183739128054
213025266042
31500111019
60207942572
42545838572
57650405957
65845877610
177028954081
13090385912
128619574363
196019686573
211253072930
156112120250
185416405331
1937731035
8512469640
44886754317
208010813141
155841393859
129512673335
55729677693
115347002171
67725681651
112939879520
1817693210
40994169174
13376812595
159181859093
111190082290
129640807505
79607346233
155998082868
70703519016
202324649031
139151664450
193137247719
190622009865
211865954270
186256493296
107572188328
109711808656
187257963293
8552539630
77680802762
121856475041
50224767734
116911966483
27036032629
89294154549
74396373240
27106711699
110618019825
109444375879
165740515655
209443084979
91086056855
129202585112
210904269469
186773284467
120204839477
190500543887
208998469508
149903767399
178557645461
181561003960
196463829516
121760988293
46793777031
63768989037
188416685571
133384144328
118279033428
215582438965
61936423420
106663239953
5794712136
133217093246
135778162709
179891175583
119100257004
106539196542
113175763115
49866447064
161628626454
1618971172
163143780286
178436625386
100926488745
92411763811
72622010055
81002659917
90457576733
194604133969
6149693947
97655588524
126801441416
28913517129
40622397783
159937610703
71680461716
197082031321
32052538531
180680590066
68801640002
56942291264
65912114608
105800190499
48329706951
34839440539
194658573620
16098049570
209657738104
34405169169
30745162766
101776772226
72152245141
26346802904
206403905046
191214648664
140985024598
38348661967
24700618666
202428878478
176366912822
132556790190
26943667025
3739855306
6378286546
123142801232
65328709163
109177040795
113242251622
157153531183
144201065770
125424677973
141730677063
150129950154
3148072791
34991569337
159597315843
204560971188
117573939956
34437862517
115982580299
136960045043
72930917984
46426691304
162583754691
153399632418
32868609655
178767811432
44754106773
129268915911
55424948242
138425926902
76003541337
193023774001
23828716434
30117500604
199973833940
70708310709
107669435647
14932509309
189023582539
14404728472
162359335341
153913545106
200233391
6076097296
148661575486
147501110852
91246942663
94482551517
179249750756
67955425794
84509158557
151740066891
65027104796
145282826079
68390321260
200588115007
179744426990
120331903340
62328415502
61586921187
46393224373
169902955697
215754201192
117286624185
77422722147
209273764565
177993426576
137229558322
152447176100
107169176798
98641284797
171966822436
146998242332
185416835991
38788356315
32261360781
139518630335
43344750602
118665138880
91391132143
74670455703
23451980288
148801006120
15905125524
187916739401
23211091762
104793640148
63265336915
161000090117
57673015565
70573498412
134962253175
35516036626
150002742843
125536880642
211704889936
128767909588
60021835497
189193611711
67022885551
215567911986
60147361388
147943782863
148652802785
101362015284
125516496664
4461474874
5447658759
102159755898
171837603995
47627571581
117928788338
112344733567
146563819428
68878300689
95417058710
210696013437
99622867739
171328949684
119122402179
108958877704
169961913060
172574139904
30575752546
14439026906
117830746248
48809003043
186081945319
156995588207
214239855638
174653283725
213741544396
74639117827
96158956769
120226977878
160390285340
83071173169
55960539066
72850799507
3444993209
198253706928
158472903548
93767574010
177046149474
203779648403
62766234167
124667656429
19423379124
27000107626
7162560285
141653718320
74872771194
111776999437
89128709692
149311779413
137550975503
95975471426
125014553761
106677345501
199029489685
49241160598
177511303010
53121965619
113760136008
147391719234
185472766612
207312384891
71738635178
48548402164
128300329089
13618063881
159484164379
12125828708
121827216652
66304490220
192059405231
57983607117
44608070581
48980340245
77687328768
96948853134
14031445383
12397249269
179199420542
77350121709
147247495768
199237865243
53504359382
177267506183
146855448664
51038048441
81873777094
93529823925
201765712504
96620372520
154648854706
131823546008
103669008411
6861540836
114618344069
195317028635
84635262338
205448186708
68057367159
150770404778
138362223704
34321562338
47836984468
109283475353
126183543813
97048939526
41657803345
164619217175
126380663403
202121137502
211926490330
87989852108
4379389588
199208853680
73600926012
64053899439
168619548082
134944385584
48860883211
69145788785
11070822489
44421185359
183481272231
58287972123
178704178542
197148393799
80806978899
117285241790
102149133169
193734337664
34740392574
208164710956
54231835056
159634074220
169251250777
138435450671
202136468176
136441715517
109421493401
11204268638
199796841683
39195406042
46087266100
67263225881
142047759559
23878605651
34021940332
84534491710
24572881077
103535751242
150712328539
215202108014
199601846638
77757140176
34047647307
158512089510
59454015565
26998986202
1456345068
37130368833
79954147400
170700544436
206316160276
3910871525
174257407429
136672467228
61136234085
118530004135
209227393136
27712381326
173510909172
126006668750
166980204046
158736150593
93942767382
170349864496
116459774833
8528617764
22278899790
57263224660
39405950093
176721688983
59761236258
147304568301
35568103432
30105885449
153082361744
174099346470
198097867031
90373108551
153907773602
188341692422
181057405162
73253334500
190572536860
209787560590
31968501025
179781500735
113730329601
126785862205
135946058685
84595927948
191967321282
13323439332
209822696939
64442601113
145731688054
14551591381
107278948764
90875452445
105710634317
190903550232
130484475080
158538449226
47622735252
73202848837
143946623447
64602626893
88302458631
150608744419
10026988250
102609637689
118982900597
908070754
172939267498
156720868302
42050171859
70721448672
163858559511
207853274853
24244273603
194000601641
42487261010
35326493179
127448039847
144402819121
179766156566
123577267763
153283359289
93798589370
136862311641
214932868177
13331045397
13235262913
150347040012
54875699366
113537518552
142410452212
138358641789
118630179217
81865566487
139670825649
72109515531
172000884335
205987008965
132772201649
214485541159
55834345804
37134782478
95017168049
111210667407
119440577830
29173135877
17594000640
120567113204
71524480580
18042523838
200512802127
207263776748
129098163833
160100768154
184644765813
49900384883
29889001257
171405528873
194128913717
169723126911
140823151630
211420735069
190747960331
199746135466
865834314
43620622720
80808963475
74533720583
66651528799
91551987454
143813943303
77305498661
112176986114
126651948601
58568154671
194247158223
96585959684
46636819491
78941523606
192877300866
66627882131
75207841147
71922953696
199382982235
74930524998
32546696023
22294850683
3456442892
199837177734
73454593690
161859757355
126244645215
51442159236
109327219279
88154615824
146442972213
202154207194
185252803910
96303696559
126116968277
151687924246
43771690209
59062523877
17935324877
70434569298
54297733921
13623300450
40452690865
167386719060
138315102240
97855217233
32955723972
86827501010
161915570273
146334054989
194641975668
188279287501
74594659369
67078868667
50087237224
147900677264
211156787080
17291699941
29229096529
187610249137
53809437947
136571042744
2465574379
440107698
139242241207
68982913529
46718351313
54332217933
65804044777
120920512841
206903809456
161465209320
31140221820
200907712196
77757991714
206079535361
189608488910
8140203398
143184825066
161720590196
26251536867
183854440125
156635809790
52309632241
180708389394
19062476206
48682836468
137247947893
16064861552
180910200156
120682651725
81828253552
66163651153
93135472839
15692143928
189859338659
209384484762
10905590601
214067203192
120948092089
185084463345
82969058056
53624537387
57515719790
80852895929
69510356974
94548450669
89792447636
136734485633
34544935018
145354731044
164096708970
31418999703
26080963201
136118016172
76478424202
16777785353
104382216401
152893138338
52994978567
75449877427
16129551006
93167172708
36714920304
22770044379
129102210342
206276830478
102119567369
167558294701
23494077753
137508511571
197969100905
157605408849
211703871220
30002992180
101780016520
94917333094
7941314716
144944207847
197805544179
202151291876
185037419785
83698476744
51451187589
115643790781
186134561834
87422884112
44776105394
138569808413
163814367693
63907224981
111388146750
85501934023
25680947228
51243405822
60302872444
186027803491
100426314280
99806278307
171668028816
52178214367
184161599558
16727661153
25611227108
94603588041
29493691397
211725224809
178948324947
175502192808
155590913257
133885792251
174018991780
142851164112
186664616409
83312895445
151715789739
98595612123
80940558809
101874977791
173389973744
34231428100
149524743494
200863999918
40184152466
9770046270
182168660202
157326035134
202762574869
189800297883
214683017463
79775767639
185954493525
25744939270
16979395896
5152053004
11528707007
73789918768
209261442678
62207832457
128065322354
141526502442
180141877312
72639366547
97163111301
117040607600
109623065395
107097680109
181821129989
14128712461
70235005716
45176085586
50245071548
115845869005
30284009625
180913773828
7051666783
189601354746
204771755593
199260493344
121250272866
126852217219
24960130491
142483199005
118269781843
93077032489
150635026583
203577544759
39949587699
206236554718
53121992032
27732431632
11720189746
73775944329
186281705271
38028346071
42062008094
173317493339
205374819797
161059013482
25706041593
144393547146
62765070769
24295132534
127972178689
147432274764
175807128397
70648516953
1519673327
59756641670
190144535752
113569047476
95408598064
81939480046
28316465431
47815962133
147425420131
135166194236
80962175516
204551070382
173357353322
109650352245
4842128411
207966190815
154548102859
137528934460
174638937277
200940696071
53178519174
146861601878
48980320544
200342414793
193457403966
18837918916
182099601224
41046492412
45611800928
65995437926
68363855228
214238119704
91063695216
169672455311
13088421226
87200405705
148293191962
188686761417
196487462739
73537522294
192119012649
65084518539
20823298672
79470785846
178910646867
130219907787
52907489527
11388736957
101380882536
76828439138
22039938851
75864874184
103087778625
43672734648
157646732855
156788591383
21503865424
31432527733
29486448732
136586370480
68544520997
74433126160
9269107687
197178938149
76003010179
34460663229
40620168049
162290238018
195085336070
99305730618
24904635875
150494061942
55861716468
63568340390
141374265210
44928767991
90910777964
56718793913
61354164856
167618604372
77470524591
105770440326
200980424878
72020482722
165531686541
152689073441
202858832133
163596947076
119301407683
155145406040
205875550080
89420773328
42279443596
9330729530
106304585077
24875966680
26314007685
28024441459
61305281868
34424268103
20870362979
62605981492
98684348294
82069052365
101173333759
56334487336
42144439922
67957991957
63480301312
27804244338
42683208738
130607390541
125947950824
171537265974
71290740549
72126654876
69588177256
118954075798
113043179436
48683312236
72888261653
145246319926
89447144210
164626740135
43964533112
159280372794
38301673277
207539420208
143111001109
54862188619
215804988228
124771588940
142056828933
11094081616
40188622965
134427579123
200208838658
185863270959
178526903191
202705009933
49941072229
21393185118
206478259562
8805567037
71317243500
188206274930
90463489060
104702863561
182789147316
153829328682
190262461754
10767083924
116904682018
75937083388
35876155020
203192227176
163939830558
144488920026
151436390611
212811984221
159686344761
62908135093
4660677484
13779604547
139727222903
45255344822
158251279532
118027286210
173691709491
173920330614
11163290349
54446610816
51619460540
96127206514
212823655746
59016554441
96450115048
137554396373
187384886877
182561863107
143383694410
200052867688
78950112708
27349729953
160461034843
124439006267
153802780462
37645570877
182806847282
170800723096
162029594084
197961463755
119244424421
203622137132
26180672301
45960090024
213573002363
202003900786
49322479574
41463862351
147960301302
194537067902
130294895093
42054301319
149664976187
31355725363
80437970466
7546209417
186887768650
145394000213
155198357553
21652926836
2911430174
8569414431
56485269756
194510808448
193290642869
30772025394
176949999384
199248172588
16748490799
176367475348
166223593063
90840466418
30877978737
183076982127
63926556549
14774630620
154948361466
93412118400
58244267617
42652157894
187796273406
161796678584
46871888055
186927418517
133736624695
71921766893
118472220110
195062305484
32195122468
178097827415
24844357334
72537606510
156425829657
89161431339
80268063144
71111752697
68776522569
99784906455
178256494953
29976758466
70254287718
204259200608
13975221290
123840606227
18402679581
52068147898
119703148742
25462002587
132253387110
58870983855
65893255304
104244663685
128538059835
116908543309
46612161372
61529561780
145550785237
7761893475
85629658714
94348678364
92508821434
13575709352
92094173669
175984410316
171917626553
102106906668
24400242096
140001520555
71229530740
48495441548
34138976592
176201158397
204499882022
186403883018
82162716938
197190164779
65726285365
29473988265
74880230893
43898238376
12454942306
26323178819
141554844854
160433949772
215019396911
93640518494
172837990179
659220277
170474989983
103717777113
142499259148
169302340977
288956224
45632522170
42754488504
190468105449
196184837913
120738587639
82394018793
50895238995
193541580024
80792372439
140589468558
61962483895
153520877245
91553940882
122240759327
69837807296
102336825326
175803043585
198221484606
188059955920
20683718693
43120792657
125760264199
189050176903
35560774097
167072122944
40277424860
124347178265
65160728354
111026465030
167511389775
208092714946
11539148530
112098699421
16938121783
86968387327
65215324745
123706577006
60592051454
47227094719
171340171504
4204709643
26661660165
175239585760
188274197207
51332274367
29583636058
141346935130
173970652686
142019621494
215147572877
190747089716
94074623066
34375124633
132682836703
38448347924
28796069776
40025459330
138076808378
194728898900
190909366744
80177232210
37509584674
55230284940
203088763753
212171801834
94761708561
56437027468
28216226018
55997855095
203507957886
63747974202
105939869674
63491952629
122550982452
212477552140
66595063559
173710780164
199578060580
141572137169
97897111431
210149702254
46320694357
26542014214
80026108491
196655920158
180702565158
64916500095
118717772657
86690213424
209918628197
196107474880
213163270928
50579595669
132075189857
86173609098
109902385636
5717509823
65677271566
137149958689
212612208829
104838285598
184770917459
80919451660
191170211183
128800603948
203936941405
36827370582
146712745349
188619748573
110680529402
172625929153
59139440192
141981775992
65946399250
124407202302
89638036458
112439671634
76078186288
196377990660
9147388038
110387844475
195571544908
210829798861
30886336920
162458283561
7533401281
45859749402
77091873279
214133737869
176379497892
13856073914
70356940827
122807098377
14924604768
64735018267
42355531158
72566257510
147104777089
80077953573
158021020152
3383937185
27864798761
141670117019
48630059552
519210234
8836326415
135944366282
78803041825
161473897324
23285459635
208299091200
63262607137
67419555159
36058493941
107148313267
210418206554
185039403979
158820420300
34307135241
196929521905
110382729257
107709872599
160849936116
3612382029
33055124020
147198619913
207812656275
200784395614
194848229539
212485302776
50901422590
80499925417
215666367177
135420902401
104758963647
172541893405
7891329135
109078699187
148274906649
115300379763
27062418270
122546146269
17387382486
186197609650
7325180970
123933495531
166372316949
152103129880
122645206330
135711556276
94186860921
121614604817
174678692972
49087183292
172168907893
162505779051
192648280234
32554690015
42368227802
48621910449
28407789835
213341010004
122166397291
92568375862
200447397359
122082918867
29309645524
213375128629
22775463326
199323217282
212958036281
118652305666
15313256425
5454236168
2601896047
159431621917
190684548105
209673452598
153374529971
35791696542
149852110407
42455169661
89226216625
14186243580
158797504424
65959712964
10784283167
8976834813
133321300975
65552206295
59244008565
159942965038
158147214058
11439506077
77383777001
202282033137
131712298083
48600944364
93917264986
101941268276
152512927887
157160609801
180200044608
17537842934
158015691253
85613748161
208333589796
211235846521
152093392189
18254176783
148641802546
137065610296
15627914878
73298889160
194200491117
139778936405
161608369346
105828336465
36130331726
215304700465
149942721394
107051354020
36256972320
94350994714
97165046462
195826420773
17814180737
10147697024
83976678117
78704159069
215494427118
213491818156
152065994932
105824610277
210527972209
116647382282
113805204451
206160320912
202053417174
122875183701
152727662161
204135115094
65047831797
109237591538
13864830763
37345484661
173836852012
126187918396
210667886785
53206066815
130008933070
22251154833
36591931020
142739536010
106794024673
208851251361
46779121681
67780147387
16270095785
200436136954
181239457550
5111707623
147442718416
192081709741
127611615171
127176148926
118410565888
95306296235
74886559114
136593077559
108905340196
105428425499
212359150910
26666060526
103804945848
146263947905
152332930744
80439582913
88455379166
171305075447
70069796006
38954591018
72489827106
52965721280
9836633203
22884323157
190378772145
195004235727
89087501045
182543674193
81209675786
165998795314
115745310010
115850476478
106210085552
142176250231
151775300029
140447341866
23303116206
193277720056
159997683372
180878451563
4723481660
149459085919
128423053067
22814422475
73638306558
4318147170
132459005471
74549643688
124707013992
14465501089
109876422770
47333239501
198431492816
2401841890
173948846647
120809644575
194234026583
98569078006
73888500669
68417055765
213879631572
532062109
109656692026
151410063896
5313452756
205094874598
127001190302
49114986687
1862873748
40692930076
213460001560
112097629620
192136016335
138152079519
26552172003
79362551579
72970428349
3490979406
43047650145
103253347539
48731008494
8532775276
173731011289
12084411282
3233883230
86174427873
182459044778
197362992827
94863854971
73802279225
186193614685
138235717795
35202427764
121948588544
35882900005
139112912259
105671404895
142064106876
158808029333
50795616733
150619385952
120751285757
55495108678
179402081577
215553533042
102017566676
11535376014
150742290073
42387999950
120256843231
178398862535
13047589442
91542729381
116025805432
141174279349
127964802696
170419745541
112566053774
20215423666
24175899853
61650862851
66836236420
14491785162
36159989482
75864102590
111651854252
61571621387
101163942278
3382325711
202189364948
87128001701
197726247579
130724069055
69052010745
39113125005
191285577840
89265777322
19169794472
157085919540
103405959614
67926664057
80510431539
175266180620
58733242356
28351589482
11396820015
36834579588
73507396098
184027443183
117373324064
191116177357
40779676020
165164375215
7715379456
166497794726
30272235492
69790460245
212871529076
181057368169
74594307112
125399699551
149407150180
12161788376
30555197207
13046284811
84101966259
58498914541
212842764773
118631224205
99748565987
170399543263
35825225043
76071925834
202574073738
181007449726
112149334910
131068830663
139909470739
57202321457
91982986321
168841733672
119090119397
180881080474
180253679551
151081975483
61086878908
119167720728
36096949640
160216340172
23292422334
99801576189
171826338143
32214632344
75797197208
17928637874
184716834784
110155304715
16860469998
44529779813
161085767832
86351995005
54918054683
14645883595
135073540334
135539556471
13608167877
16001316310
164643483032
166963225486
81976296813
11838537525
210448140433
186825929760
203522759747
56757965906
193764369520
6243090128
79856950985
