6219244
90986724249
56981815964
88257642372
73449732289
78924802941
134309675494
20397784217
8366099816
161804933683
17166280238
207861011543
215677342171
196174183159
98591123184
212042046246
140622333076
99667136954
90156222887
138468672687
190741230684
132318910279
2178165750
49121869087
176295211547
197328390608
40228041430
25250132857
81001267675
133489886892
192705719306
8707649677
149747638134
38200537003
130674827867
12450749014
9747426907
79055300327
103776950462
159984531377
214973706117
175469186608
123782860085
105911277624
181806371410
96074845960
184489949055
1338859264
117838536169
896139275
39332774418
13852505762
130044798427
183061585326
29016462421
200252997514
24337990603
16719168721
32272242325
95023941460
179508030656
132900724220
175424694232
107948064555
213605727386
24756662845
180734053992
139060023943
207273911247
130948894397
191543255593
120007507609
72103511006
189027746980
98275982731
98320992412
171377909198
147789061814
65764189280
153522022207
203667202731
153121423041
193547404606
167486413712
161163592277
126478417707
162721658749
105189851361
154413440988
185190961952
81572431893
128295130933
18980006083
137214219297
153535755905
66134103705
174072506868
97844332499
103982380571
157618474001
143303149530
53258388859
70067600606
44222232166
183123576364
191078964892
188622929045
67097727534
123408080067
18317208589
204174872663
11551742404
190005155581
3826354089
117838686740
194464932592
50714971680
177138499279
187627963647
31957188697
169484118345
7163205301
197958890193
183526822038
12673393332
200711741185
136756926381
148338721674
105555697922
1247255916
87943368152
162372923320
155963293115
199140022209
112735939740
11957181990
153043627495
162926002151
62843178331
93569012844
152612239161
46223578144
118630517459
125764633821
50375971120
36824681481
173170948006
148306641164
144703274711
3783044823
92564565816
47055424736
136094161862
46460943840
175197848132
78202469723
148301525921
42420129319
109639355747
71926968935
59655575121
35963872283
91043833913
72491461979
34058986445
151690983774
104304646089
111160432562
20622646379
135926369641
202556572066
15989156452
50129136386
18502931633
171232898280
32390901168
123844767899
29415738909
177601240493
48930847963
111287940968
46927921057
83821290075
176985885553
187770931923
1122642639
76947692034
129825422387
5371609308
1739366880
32460471401
209897270122
168568943547
70073018300
134150770376
28557910365
173726013056
177000620176
57801078270
185703750952
214541481348
25959503201
7743238565
113160294686
16221216233
102546295522
148640617827
26127288287
164041233761
107606865712
106176146371
194869529295
40675131242
186785732763
60037159654
199827128577
192226617301
54609132749
116390093850
117209448290
61079904611
61958416916
175645133261
199478981248
207366362341
97589699539
3846669429
42136705127
92302856286
62838124771
45101402829
140923766126
207108371210
143348195927
28309093271
19556606451
105859486303
16786439111
5324924496
172723793961
60559325119
86413297152
178687343559
161722966358
214956071675
3637855064
137780330672
115271051855
76720158158
63603632542
134827191497
211147832849
76402110712
157837082779
25176910035
174869973310
213081183328
74870458633
2685086968
102218485977
42010406037
60871342566
48753198635
151015816787
8766128910
142432773956
24902523306
71330827533
189238647130
184359380446
105202251791
148129217322
138311595588
61889388949
88076590624
102488933595
74303866282
162295100664
192953614842
87391313910
211300802192
10740975742
158511448057
142623328071
15485341528
58626427285
108443853149
47202089407
160473209698
21356379202
182461596446
2655736135
49847257101
183052616417
40962859054
39944256253
133979014429
13549801874
72365711728
200945258298
86727465400
65410649473
78944470049
90570732123
179130763227
63194755578
92681912455
100451965733
70971467490
111242968947
207489721092
199740071764
174104835003
164425160310
27907699514
137225438766
134774613018
89779641436
133303434477
111891749172
57683285185
101027498918
133728294962
211817427278
134480625697
194846339594
130092991740
88299595727
44090130288
196142967110
4980210000
1962098516
72477535010
27485450534
128726516654
135318961385
194341756242
66060329177
97899564942
63563775870
48280995324
93133237118
11870321995
54251222475
71953858833
172184592777
112259211283
4362838881
53851281806
150690433029
45488674110
4133976552
113555717831
137981981535
170692945865
116519507397
40576979719
146365227576
7510325460
2133973776
157189398607
45852606166
55976729874
186727885948
117475978239
165891411510
176156701143
210743083329
100254907532
215232791869
12360696347
172785527886
129661235229
100277852005
126990829056
168317523755
8741285403
30613722638
27244122008
145360252264
31685469001
120899734814
27418428047
84101344911
24226642558
39400638554
98298068861
30390101899
99213486189
38437544065
190535145046
106210492550
127994087380
182019202328
5283366515
147220872282
96390237691
211010013203
173571684256
41564053310
63061564091
58277959518
96360749283
84797219772
153507774371
119790411012
55501569574
161667836443
180231202081
127028387314
129923131438
122431763933
208413307026
191474926519
9070390818
32535419443
84122351422
67166359443
84023233761
19234169343
104026566615
82138098226
88159232067
166596456541
88156756999
30691076093
51845308214
143662699846
180801952604
179207174359
142736066653
11589389316
73633982619
185660244201
159165196386
154972256336
100219037537
22756693075
82093342051
161151010238
40988123560
147030382661
192196222388
132533698010
21214428612
158769942320
122519590462
83036417396
96326021530
62093711033
212917735121
43731481245
116767831998
204394180066
77635872315
133167010338
104309791776
172161378160
141419234692
206364794042
17760524723
5836078631
148120263921
146608125212
91070875604
90359414057
122472439107
155984136700
76384315918
185310053200
65334532718
118819209301
147308905709
55364370952
138026942746
203705720012
133551491582
72383773877
198757044745
69473080414
214887863625
205635836236
13804144717
126858642453
182663555197
15953223965
95044853754
100663718532
204751775034
104893901371
206049729267
24780636970
208794718337
129319669021
23952052189
204572750857
75538367591
106705781625
171903798121
160137695755
33303746947
212104282397
88108330858
149879800384
64785307653
171293671900
26121791775
185498668511
116360354628
20390522044
213047887830
85949520905
76668941566
19887875121
120969115050
212839884060
45943183928
17904202685
183283726877
46392586505
140722889017
21487012005
213484425793
175124564688
107328327099
100013060684
167254904278
19935989418
181498645962
16631089272
187012577059
203631484498
118323041150
38051151797
189384912840
91749460299
94011534066
113935370089
40319472195
14312787673
171289055181
1810290894
17402661097
63556329476
95247514521
123731446589
193559310479
113440639288
137573573096
206351752066
104734036317
16088001073
153944237555
62936162482
52004379336
41150364708
136006134247
46306952077
85253488287
3082045547
125045387503
3674280693
12831283462
174284217857
102083265101
101719422993
112354990437
139473426373
42847453359
74652393425
100408060523
211279886704
162647767684
173974923262
81359451036
155103089207
90402707621
189824340257
83421731803
112346553933
97183597465
171988821877
110082754682
5246317297
17185907174
86520434498
187465324056
149041676793
10626424249
164304225861
27111875589
101310904331
130816860520
190961163194
40274944191
147683813083
28488947523
167356210786
203291600622
9880745238
38425378296
122952965326
48764132140
183798186198
213874379734
179219726404
4523917479
38053764560
51875476131
84491726597
180311817159
194338784509
176127451502
165584565688
98473292515
164436351322
68437016761
104661468136
160391513100
94029840527
157869001507
162137309156
62684269162
62654270437
202144511888
38135159713
15830682530
17770055505
12935474904
79597654530
62900084950
32725589759
159692510487
209239586152
128807641929
122864808078
175175382531
87265789299
23121664597
64747970497
174432028680
195412726373
183258504059
58027753284
135333739086
196610636523
205897636672
134028224109
67101256503
137807773327
191575003071
64374301483
172684755734
146595065960
130672773330
185400970605
136547080875
7578868453
137510934013
79202124618
155707888441
3557872198
20321490526
81402171496
52403443974
11013132955
34438018845
73778953961
9241134689
44725174958
113628506756
2985256921
37675788572
173851742681
73472684603
57749701437
127359182197
162833686434
98767910903
16028829265
179048702325
99675452220
56259539527
156806991836
180792932662
41182389956
133323667234
23350064858
195270602284
26828223645
66239501857
92492709987
54645684678
25434731618
148673127183
207542013956
126578504526
6383535461
84827715209
193794504436
116939870861
125544707183
205807128914
113716626573
2237432425
92967849685
184591930673
14313177048
200345364906
27610605515
101380075750
121024747960
88417953634
59246373165
1369734298
142195218918
17072032383
189976834949
86179629321
67909800071
127429375308
4846295029
82602077174
91307001410
166012015123
135491214747
67021158773
169007693421
103337527837
158225322522
55425988887
175774711276
65433616310
3950808766
99236132182
64186862057
145314126746
150088177129
15844408218
140242569837
185867553117
210052829865
50943752141
116508873001
100729244205
31550622735
146109738932
21154989927
26629524295
85968188395
129033047651
179989934564
210091107683
141497103378
82130701404
10478065848
87166585774
140532444037
195756408267
8085641343
164252410552
77600445244
211257365168
175477054234
148563709144
47580374034
155913325563
24925987930
134431032424
176629299918
47592785626
17356866571
179738161810
19113470313
29379536767
150312023944
38703009123
66283283593
79367250453
64454124416
49062885502
44696882389
65548187726
25917542969
75601987945
214138173285
177685388643
204630125209
3005739862
176218809079
192369744778
16127610139
42282646905
151705430945
46005243796
48241862746
1598023327
30269841942
145821706217
121663826648
12840812132
100931001110
37589636570
54498713334
172769268174
80365544300
122821064933
131540956091
132255630706
143858581877
194641074795
82210798220
54550719506
187501296123
118905468385
139074859240
2550552689
172937807769
149551378943
34636529257
175307527324
157007363077
113436658243
38398522914
208347785410
62788976984
127169308906
147358638194
166771754778
132757740010
61661360442
208366952756
6585102454
90494767396
12474735241
187919369688
63724410032
67206242631
81598069052
117897196842
206632996843
125223593874
189746899416
49616988363
197813472343
159916149810
61936877448
177992107948
30174504147
185038157382
212998417745
199117183647
104763962057
209756521011
162456374096
198241390488
20120342428
186292073692
15837541292
124827884984
59414159316
207985501006
170506617551
139223769175
26676448124
40919069133
56323835508
12364386194
151162132987
85154622548
116554677518
198189776171
102688468590
71602658575
199542053712
17869620734
123479394055
189349232336
95700548456
79358613131
177209457134
132462782684
137000884012
91327647604
88220720758
205612629101
75258286113
145895078090
141938084168
182299448793
91794090212
43058561374
122315303706
87342357171
36997772543
40282439985
173204769442
143931065922
147599463295
168491226647
73565307417
82183481715
175858205299
3724379173
87516512412
90250978852
96034585220
23893175482
616518434
94477287634
153664824249
74750185196
109978728668
92225783863
193949370234
45515417493
115087241576
161549790263
9498767273
32313259391
95711511395
192998138980
45485409898
153200573639
86455406898
127574649852
75003894996
180080470004
38470005483
103106737917
23287302214
124798677083
113907517382
4428095950
95536084281
180192728411
167112899624
62010452736
2682022302
155879529840
204818761584
3087134653
2143916423
18295664060
94698307130
55501561797
155034785738
189093023692
126919471232
96810074589
127813190182
12338708488
16496031973
11325237203
61293346168
144937375547
97267401891
151315399262
46618062188
53258271727
74500683626
184672066702
66113458738
58043221148
188568873313
29020135731
110213435936
123357678043
31851803309
153608489846
28667696187
70340618676
27534791432
47380603424
28868234012
199231393441
106487819450
168794093595
207006514027
24749018439
26639512885
163465207545
145240817978
67114898360
199343858212
21582652399
196702818559
126116163175
174029304985
81310953194
181296411729
79183048259
53450145847
2190614187
206603014529
121459004079
63491220190
88572486234
181787343609
182622192877
151596868448
4909839091
4972454191
19461086111
167749418129
146267848472
163315244535
119287550123
181695968840
105365314639
131033432939
206263604020
141117000582
52213350648
82202346925
42295344738
69174727632
179858256102
132418393430
189142093412
18429911324
199075146105
87935012380
24978543227
58301356944
82664202511
107089962114
52763564843
206731796044
67338839616
151822517861
5287671920
159460929193
7546164744
135357506957
67775155781
64022687057
148237567774
22821323094
11042638639
10128301299
38958555678
62884304522
112307589255
76381842977
155918624619
29068360156
160694281899
88141497811
92674632309
168548624877
188700852761
10790158438
55290397023
104405147698
196336906852
193438943090
123885902228
180913624648
100960545963
166136773672
27634775398
36999832686
9467609648
214441135414
213533861877
34447996742
44386104534
169257150829
209053914963
85940263094
148371720022
25585309870
153628353402
65557071738
197573753791
187347201506
153699741112
112628375874
12505822448
117178426242
10355426807
82325280623
202450185940
22120599343
92602595408
206172185055
39912605606
193641773934
149538502392
22532102882
197787736902
149026452360
194998025486
83009523679
144718160293
133693393410
196330264752
105346525797
122117907128
9064813207
84556783099
70747403143
198935572949
34563891304
183149728166
199637883641
62887755039
100723890065
173759207553
177660088853
122361092470
16503701743
62298538831
76451438450
8175456074
23228579180
194325852186
11345915285
183140473380
176889740679
59767217738
91941933471
189423122521
147631987911
25858497406
213315296440
41762338273
132027783385
137493113687
57927247277
51379342152
187894409384
81093794009
211182831258
97364620474
12839600480
156657189615
80887891092
54238601619
105011466746
94400099876
26855200148
134869263324
206377157505
139327808225
185297247832
67063801383
210839141462
48262285645
55650808219
191365841428
18563287831
200020766196
105232959934
136450655824
70516158527
10334744529
176479539412
132212846429
183649556712
50350726188
41857917769
115482047607
89710936715
176671439752
5833724216
130568735099
181949311529
113169209062
215798386335
41542606553
53084599133
73305555175
214152775319
80405538013
80143924852
77023485424
102708404926
169034645419
105707208484
132510243014
42185518888
204626572826
31704037006
95884509600
134225476638
187558214996
113402163802
67715772162
197306430192
185645935994
147460498232
79298963840
52044913214
11570045138
15904555144
198482996733
145446422888
39843895470
11430564575
109074441868
199414731363
168849416146
30121247309
103665295381
105278572460
150427921226
62723661288
153496530057
3840632232
186369483897
187047971295
15803516956
39182763202
77522697720
47202082714
26824147139
122258619038
172049553295
132370618759
109529461367
140340233721
24390146082
132012563961
100163573872
67240284163
170716683453
191606375833
55290397950
68198058643
142923099197
73471397162
90052841220
76596035903
166629088306
100940574273
54491988835
26098446085
51760536237
92658176755
101750833332
181198975115
136462590697
110451259115
62141681706
72302638846
139832298675
176098198157
210474120105
55277535168
162408440204
28425731620
204529999363
131211578726
24695153517
190682143588
212327198633
123148187319
45480435439
124167166054
197722062483
102800927559
64308247564
16042259237
188051229947
95305697325
76527217877
196879287333
41074646304
139043519351
183074003675
110085743735
7485005194
139083181314
196136771965
37984625121
146908494325
82579420071
9631606624
28538430992
22648337865
149790541521
213119104527
25205760732
150800519683
30384157213
124755164620
181431682385
128074599847
129735577103
97895474467
176395273939
91819343391
80443205759
84970629705
193966252082
132278976375
20499489186
140982764143
33837741422
95973775749
108276968353
86807064004
148706692351
161821308659
127079305839
23747201633
123807757415
210962228582
105647451976
28116631535
77199074159
197538202768
158319465788
33346678480
116167423793
90501111160
15755831505
66436490020
72100965745
31240627487
208122717622
182140023628
184906602538
41022343425
215592180937
207631065595
22119591442
48864107870
51172163260
129113537585
146310803366
100059028273
42437930413
130017567158
167291945490
13242248784
135581310107
75563872649
73133321248
7623778497
58733610244
103731960403
14672725677
41573674109
199267406007
154767459615
166840661524
157667783942
135657138202
198925342906
75324857227
87116370031
7655216260
567615311
67648645737
4866698702
125779724695
177716606576
106139295451
136474685703
95186763972
22294909898
175721183536
116345156827
133267329656
148003843730
90698657692
86854049420
42136713603
160364980365
67685493158
44171686005
30013508712
125673344178
65663743229
210258436681
204976234807
139002598851
74677872134
93841906995
2427571844
29640484163
202127122179
194858269256
162330207768
73417267839
63182238102
55470898247
93792014204
157625631942
104030886541
95665821426
100260971696
131337789710
175790840263
190922064389
194813661735
157955642764
47972929256
60667946818
186856962548
5100128812
170055152135
186218806400
131116365395
185052686448
110997253804
104878572902
7133402756
193515081311
44795548858
21745615212
140185558952
61598157146
87500691156
183052609372
185327827224
30090939646
200603041703
199474550637
177066668181
205767518387
44778373633
140428487903
128627358065
189360806545
84421585548
23631679083
126081313194
134300471977
203841828107
2084748080
48312090453
30725311843
11814246283
165116438949
206744423916
2393296720
170122723254
178085423425
130086936332
174404682481
180944722895
110554648866
10716694868
187641396907
127779653187
79630559932
29640482330
136390017910
92998779516
191443250735
151612408666
78263735490
98365907244
160056841228
154407412032
89882805072
170792132846
40824859684
134229668984
160521990113
20606196142
3268001057
17744164905
71960842221
143281679413
54945551537
42480531373
63494668914
64600700127
189314402466
47475114391
182069550702
81968417049
198280035498
184394306378
126151276493
112302118739
11286278519
207616589803
60991938573
211685215453
47063802356
165301387366
67628631835
198962334203
62896838133
42416240463
38846985498
164953067672
37409405665
110162593736
184403613618
1833443703
8415948350
52075019005
44855453685
170435121001
11656153370
42712989037
139521715453
93002219064
89018167598
126307445636
3541031968
177716600721
109068015358
83534207949
61877061726
113727843231
166718149651
131933668662
23982959191
61344704002
116248202194
174788101853
91824291467
143506088981
69564102507
88029813182
133764123999
172702928068
2563920486
214595386860
48383603868
213675079515
61712656135
44621744149
13810221375
134132800692
61236919100
29521977284
122146609446
211387031279
181120081550
50592650646
42887223168
37082505170
207802302390
31844563174
99944422563
103238295995
28218688357
186866482680
124940219572
43237797271
198297471326
80736679494
118558897262
54804698243
110446909889
79569685305
174925492605
125213623420
171596392285
31514047123
162486688449
94608476166
174696045338
94920349050
10545899190
150637146647
126406124009
197960739396
47624686798
5537862997
191290527776
32099607819
196429026803
153264432694
177335363126
151906218942
138327526557
1875606257
130547458454
149932068339
213558220458
190956000526
69878658392
58776618986
112220210153
193843641197
126664764516
23261524201
86004309576
201289569862
23428054171
169007695025
21774109194
181186208899
82168874319
46208526049
85065183057
12907195140
22485120298
64412953132
23166440621
194140232192
115265309280
166904520565
154030193310
112166916012
117168582583
151808015977
120359817339
190994079195
186228003241
147074790563
92128300439
4887273892
98149727345
22098975899
26988960392
73856108613
57830584840
198893013621
165451182077
141492665461
202461919381
167785734068
133787522754
184280681856
62917310789
52343455631
113110244593
76806078115
25772769633
42515461652
45530128599
81481274518
201934938163
33724238712
29192929955
23999355351
191838242427
69518429910
109139587887
143602708615
166315395194
111990604972
82581786749
204962959538
196368344849
5478114782
158853119318
179912795544
46113301374
1257416547
32739606897
194367078323
180268769644
53244669314
38157338270
103014464433
81120253272
32515008080
166531067831
67279377824
176582000039
119411842463
9788944174
181827046896
95120361684
11793261238
44513442639
178486434722
205558293832
61417968164
54458151101
91453879863
179760431616
109427208296
186223902454
65918487504
47085157727
182911644709
155687292668
15186798317
89990985762
159304525434
79839785871
63558839817
143626711315
34962029716
69261832489
191456027788
73647115854
205993543878
3652175730
205649000710
57457512556
212765551985
82842577769
143348193713
47025361303
7960529477
210203996383
5604755696
28637839128
46632188448
10160946548
3215433931
44644793997
208867211160
38540009505
189643692719
65329446551
157933741872
39812400855
201376928506
145599981391
155361063253
132041719046
97328432290
20347818009
206460843006
52622702566
59331139164
1215555904
30829818049
90395374207
61410410738
16065407620
95646352263
140084805390
193722760539
184221820873
173079174400
11180677033
87943379270
38528109451
212817774047
147229898861
109427203332
197007555833
174893030219
24253441085
183880315373
61297930503
156177564116
199343860128
68398794554
117936609987
147885758344
47709513821
152521394053
185607873557
155107442247
193713921906
66415880453
146997026203
59692279555
99125764340
10242976094
127184000771
117976704389
59288658381
210317809045
66544445564
56201617513
130068421118
194515459471
195845585774
47079355923
180805149565
192055246709
140004003274
111731340580
15012203748
48288142436
213421740846
91735027841
24043192518
141676627365
13497086505
154300010863
161276511995
152358876851
192810505208
112759462428
106658228266
7316200253
156262741
127626893294
30819381663
22524241982
18739547539
176705256943
64704324223
97921106620
214910027611
37247301303
202286607199
213301105653
177297362347
168153033272
204454642695
8652001372
29363962636
114456845504
43910705371
79758645328
96697259572
14810081626
58851778277
13773238164
135454440520
5582538551
89303502622
174690134694
195458142396
167397649451
173807756178
210028621988
135277165304
109832884578
215332271488
73195376799
7443670524
113163700322
160986558178
92785785231
141532963172
149436074175
183363759190
4256166726
112182212696
96856463055
12408503738
102790088239
13925555902
187391244455
150145983905
167907009953
168153037150
212945925566
182062698953
3493732038
200570855532
176043443734
85116976008
73348318697
23102446104
80531779993
192461673837
153725340596
174518108125
117635773255
3261659157
132947410103
42899259819
111021659798
5537869308
18524960760
75530177064
49329546817
182060727992
94868212986
95841331024
129547454934
137673007679
162897181324
115684817972
205060147258
207702705086
68260477879
53760619646
83947977316
193445887410
154892727561
103264800751
98623481180
29996838789
101059153987
85683950314
68308314691
87363889332
161402028200
145984561412
118390381185
195191469709
210593400802
39195327776
178876337125
69547102919
179520835797
52493484308
195144489191
177552284302
137696190823
60956578777
180385479703
40447854341
49562570194
191067659462
214157205195
161889172515
181203687347
9361531112
192355853930
170246794191
41817827016
104206788298
77480444956
84700945293
58196342013
45613687123
173579597750
151602524038
172574850519
154439582602
10958871827
163648205894
14671215248
148177748811
32408939102
114186405945
6218009530
2048684365
152771054028
67728859307
179356241122
58328459617
56020408601
35350509094
33123023800
147000459898
7380672198
18770636508
180306046614
9710999146
111731325130
11957185539
95453869157
214428322717
92611229577
105394907689
3198039151
15192151579
207422930757
184661176184
28597217099
198737133156
62414957915
43324264116
19467109695
105565664741
131916541313
196720052507
79453605048
101078681871
103224851454
191151036379
31585015747
195486604440
175578323745
73413932905
98773908850
114711958492
13413566299
194458112106
6194009557
169546335499
31274675003
104635127741
101769162172
128977832334
192958753871
47840758663
88220722283
160753071033
26204902270
6655434763
166441066436
183468683212
7392635415
301438302
145065160968
50778685956
80798647820
160166773233
143916781301
51753731355
76467946601
4390679567
81846800242
147813972934
102742378006
182231986475
43874462954
31903858487
102949138348
97253042918
91657590332
203678496723
208150150445
165494211746
173032058016
23122910517
190430218504
47692208835
117363190779
26027218838
84032148794
194506147568
170326774359
60888017650
51089222956
50230560699
183307020630
11899899279
66232164432
23522913908
41483395052
6558350256
106793728180
202273721327
146162815049
210085533251
151930583628
187864021302
159397852805
213112268645
56311417536
121670426778
13656264837
185325543622
146471095860
120357344792
139826219513
92738303935
92001621174
18323611834
99731393264
43541685638
97201204913
152771050622
211102250340
10800723095
116257617002
103869620478
93436848069
137182046290
12439400748
105841950674
94055406627
31423652987
209985609831
148531080254
26316856705
83615277421
112277037313
126015039764
91932589812
37219619953
88054816693
61193770256
177350151145
55283087996
121938154415
147618625857
166109524809
208462595440
81650064024
144480068520
188918341254
150908363182
142075455435
128332361045
206019517648
89606813832
93097227655
39820677945
50137390930
197809252307
188813926531
78686655478
24183561345
126494278505
88305518524
150424911621
14953813929
175587752832
112229902577
83636919304
128280736571
169058940645
161500772934
105588536536
22622591514
114128044239
137877632909
14273961718
148581288024
23204312381
212729650771
127528280249
111934278591
145609362471
191945914822
80313118299
202981228956
36314960356
20310807647
121679173269
113957649924
104649249379
139916042809
53036682036
155418297010
189780356333
177860457762
76762178761
136868952769
26128311057
215133430179
67233149345
127394525203
53704524826
66999405236
109126365276
38790107734
14556131612
163722827070
20815325098
104410140792
19108259306
164344495620
21461415206
62633003106
66612866298
74365959599
163419674522
68543695211
102243947922
105343289640
141441983109
203055743169
15926265336
102158919367
190984400156
82210788931
212826790279
78181330996
70493452521
60112283493
104903567914
91557864622
157321935855
167073516494
11060685936
164467434166
162798605975
171105293712
14208413101
10808716653
175958825252
116275838103
2843959719
25201778825
133755967025
206227562882
129581280706
198646967199
93511639973
151542020646
11562731373
100812852572
88186689862
159858968005
137405172217
142059066145
92567244400
195006899787
557609161
164307245444
13575177550
203287143851
138273143090
52923060038
37460870245
65904019342
201416618885
106502446658
154947711485
205389159534
109444598608
203035868398
45198337447
17736589096
207034891153
192327999749
12078954495
157732958255
168326482779
69085587780
40186139282
93637127983
77555608690
130605106719
136339320456
187076730605
37444946989
141109577349
190234627713
157154546646
70348557445
94685149227
165003925826
132427108644
152305294086
123244667306
195043579422
53087459399
125003211349
25109825499
74365969774
121015607914
159810308446
40195864473
46079731393
167421635793
103091992122
110586730980
187007321125
85702664056
170956036757
176964553401
188469880884
73648839559
79430054760
128982129429
168211161723
170806975102
174646994221
19086972983
116494352859
26259032192
96590422563
186961048646
175770567909
137542844884
211800014840
70488401850
30572568707
75657836346
85796726189
52181472485
200034804893
206395212973
179130765326
16454009010
65861420139
121778448883
88273874109
74977477637
125654635934
116033299375
178079984524
200921385678
110339982093
123122862279
71332342505
156282883146
192246420390
133538784546
152139812208
97540440184
85735964926
9987246093
215666190508
181718050416
82056109845
176549904563
57956372308
63907458424
58975789150
24610571271
184031892032
24535258016
86212856276
40535220722
214179832859
175534617901
142595878996
117093291998
135782606875
214646119366
131380260244
26995304681
186912694252
90345444358
131415766920
92269434178
171867452694
94943126758
29115490607
23367746961
29806622567
169488584959
7966548967
573246621
69874956573
210868612555
91979619308
99680013221
91795549596
61636154877
189355395298
182039318770
148144914210
213927502951
144168406142
196156901496
38366245602
40353762518
182069549626
73832030884
182303954258
147454584533
207833948153
213855904701
27047425264
84741697114
97515373260
44799512935
177158924816
17461327882
130532546915
54406183064
164585856721
182133686246
16547875925
170010788347
154304962572
103639048764
147652243756
96460522772
160264980852
79229982293
7935856158
105782558179
80781360337
22665560184
2187031157
125440390160
19378570020
80038042192
153761217620
205617581175
109529457438
128698440331
114315827258
100709942339
39291877717
135252458445
126220559674
22933119862
207817549180
76280390089
33214216119
51695854109
25929561243
147980462194
25250141458
70704409776
141344094318
55913660399
201744249833
66293475990
55913662479
116302794054
166847497033
168279495243
10879264941
53291497170
200080179670
188025740572
134704668547
162103834454
119279220560
69177917248
161781598110
8787363423
184021364918
124383125879
162194941494
42275080651
132653522627
154778303498
14270036286
183817142439
124422616108
147954132316
38903966681
88897547142
47258506823
26720490091
188211833735
156806994365
10285056621
210453471324
215630061791
153742641314
117620883690
44535786253
52510514804
204141214809
79917127137
211395601402
176606347419
98692816680
55545180006
62422096635
197450988429
130663484642
191067663239
169526421290
126504488980
207164197365
98393066145
175108682047
66164342859
60002022527
34379672497
134688704806
171972839173
77382886197
182533110064
170969548224
1323114898
177430579634
201577960548
113419745386
91645993832
10567259040
183837953536
95243108172
202102372173
14386710545
32488668502
95955314296
73427785866
32634513918
55996766628
208358955626
9083051810
151994182179
47407607588
189673972421
54665822195
137350458733
45072480070
2794225389
164238467445
28976702113
147207336157
116119688729
138809721415
103982373108
58834521504
64538575714
15348596836
175818897027
182537701059
54735986028
125303741898
108537423735
59079885571
89919077159
70126096108
72955309227
16336358554
136990824813
18473840979
105621210780
101184546286
138716006536
171794911422
126732575908
71565148960
17210101646
148097954230
36350559116
139344994446
113748120315
162613889010
66814594700
168712821124
39891257063
136260608925
93546582743
146525121068
103484079996
78985735024
156573365754
171977019456
198577607806
211039560496
38315291093
160836618503
28074957285
197040434521
150479121441
23769877493
29051155699
167139268869
54945562871
75314861298
132608078525
1742814325
140708341860
158466753268
191422908454
74394357388
164087090619
197046102333
20557991576
102500577968
111957452704
124333383463
62219584218
77489742703
167852226668
2580589326
186324103180
99002291174
77505311055
127946442228
53767389483
136281400182
181737603645
53503096842
11282790996
50584069166
175874483992
25252492504
10489869995
142115837422
32664891754
78563132393
190926868194
113749776879
140912980583
175413961352
94558623215
139465577536
32341880324
214595450305
113324635953
9150057608
31940824611
151454504260
54783261520
102011877223
148832073991
13768114577
11251725719
47394377216
23792596222
111822777509
105121765593
106972300527
33766810555
132470631385
5502088405
111628515943
60775017183
108009889185
159940779258
58576776831
125416157702
197487224205
40591943287
72641925629
113582899161
146668223718
173548768181
180397108466
17036478024
76411699404
131161984503
198757039030
58305320478
94412371093
132313689015
44769135732
163973715890
167158315287
203809496737
173257065852
148288630983
161593132856
124090283526
45906487723
135387703915
82125937332
176077722139
169812375376
164399629082
205889924198
117080232005
152668084682
22514286301
209852496573
81391752601
150498582975
135005743748
138720974038
171922204153
104773152864
175190917239
9756811678
166835224251
173288227348
203466828300
177465224491
81448653056
10309137144
198682445504
78295859883
112928254147
185044755836
127204934784
117948350376
3770132409
96573869679
183078074311
40683263275
95598627028
2002716731
75533107382
189527347201
195157608142
101209052941
147451206753
47874147705
64529802219
3700484768
69016435755
155160973448
60784104127
124149317013
114182734317
106380154710
120582745906
162739976917
215368044459
138843127551
75527455956
163643830646
160119502591
91891220744
54578605946
58477047917
38708113789
96817272117
26484010784
59243837197
99708264116
119843717614
137848096884
3667533380
63618231507
177472165920
56313784732
28340945900
71203908671
132574003837
36770604987
26880316231
51405302666
19775228259
131314333564
103246743196
123526897902
169167231677
120123865827
69066579861
61861233577
139865511940
125110730627
17126469084
139044745557
154964628926
23623566654
102966430113
191300861052
29053247248
11539242447
84354913817
198944033378
24161767092
62387769709
90324075635
211920121632
182561647299
155593159716
3297393525
133153083604
5655727738
38043082851
62254014373
191924898547
10697410849
62554912644
175275458005
50897330985
188667176886
162740947337
46108509264
123188026354
51966723965
113531427495
163036671535
7170982715
119090451991
77811147534
3739176545
186030168656
161339125723
126687825587
77722654677
59996912041
61931897324
18950404685
85520085646
23726849740
28886101956
64721315263
12182352349
81252024230
170798951253
92671812477
50877750593
110461097644
149212877525
77895785403
8903245283
203083273814
50028678080
166451134776
68073462719
136039163728
172800814957
100653306061
174904907313
104593922136
52965799136
38951939931
106570855032
25525188116
160013049158
205015298541
193549152014
178866499522
205126490944
153220829660
21728893183
187853989817
4964296755
133143913125
201331752723
115075419779
139234455263
134519987425
49254849059
213682563259
124563875531
160606493670
62561362623
74689134645
113575710747
86720677492
52533004544
29889025411
206286360620
211017959947
159690878790
101051289645
197253039
188191713813
108575420492
124648567815
175087085924
162223910247
79469609472
91424680935
26029120620
62307913447
117276573826
113327252161
62302543803
22771978308
129709831909
106007610418
109666299431
73048027894
139449068999
112954513502
11153805756
21004578579
182076429087
182510712393
204031575101
154791574644
84003110360
34283142021
7963096655
205211870975
30180028924
195977705444
138015942630
110180108200
152795094729
44408221060
101230221214
16737972611
129100276065
31639635408
39812115402
13714941703
93820984831
1895840468
191135147323
194361141591
60000108010
190370566143
127074776906
17230837999
71747929800
187475990199
56112366771
167150045743
52785705641
24656255871
10845229266
156247601572
43143397591
77081238745
161653072379
1537629373
150519335632
151481797901
71236424506
63938386636
4829272484
72841697230
87919759203
95055562517
159827929421
183608747187
126350628574
135122160837
27140826013
91946968965
98494825183
93700365902
65759207289
3757289885
102059930893
5665361910
152364059745
209396533553
55754919142
85524511782
130319063665
200512453440
166193579419
183109235681
193108569637
138860568269
90501112333
66012061949
24283880825
130783591727
132240619691
19819181814
86629307293
39302178302
18062969413
150067430864
138390059682
195393199124
145919176067
180119954981
5379115125
130126315517
49474529185
89418748060
126640481482
90930798640
175320640408
160628027760
35939158940
207228940162
96636152716
147558565171
34976422937
139810458845
150873071953
108394183072
209897267502
109024120516
128792317469
27748905440
122183761038
193030087502
63903657993
56456896053
142146179672
211144976948
54409440272
29917058358
59228098433
159544518480
35382366684
49792859805
32934977699
205346752869
117521971149
162828499223
102901452424
123031266796
63256889434
51399355247
15519927004
212761207319
117495304357
105272920456
148145463069
2205799843
55216531511
171532573117
49632944544
125768636128
96369802751
131779608975
194756799724
140953664113
206246928944
125083635875
15592242429
94599620218
125511135169
86756344926
123618449097
71021355807
91955623828
148807604157
131896443090
78531567573
169197953950
179729216814
46465171673
59720303472
28033460801
109722810950
191688093975
85346053064
2575134115
97022907558
15883861368
205420268546
207549421805
118221957515
113143778966
84167977537
80797206488
6603071928
169459426277
118995381795
104785383901
75108259313
203672650640
196811953279
61121302222
98983132441
98316679336
200949279068
133364866788
6328933099
206286351843
164856049534
140024781414
95465945865
99092510136
88837901590
200475537577
93046617785
152896988796
135191726708
145912940868
24584421479
50853392080
3321622590
206681204504
