104089
212115234652
90744915210
159438776441
108937466766
111075091200
118858260715
120468846305
181408856891
205656623876
174910114007
110081524248
20186825344
8885058320
191694027654
163565454965
62665871903
123686236839
55518238480
210858314988
208154403980
188206556432
154582655571
200626129828
207710958833
95558319457
658714135
21746524213
200046558529
160762093491
152972706784
63216668078
175332696044
77335998461
125423516184
81792435513
167389747000
160954889341
429526777
178359123938
200134327906
94331609587
111891315774
102432140786
214343029464
97709987392
165657126300
38457492593
84734807818
90577115119
40209886252
114905819554
121598164952
199361743915
42977883415
119882998084
30891188514
87913244615
68417792643
94614932275
214082323504
8281136980
127225590873
102351367613
142623085664
117925507919
164415341560
69793953850
28287163303
170168183873
48306324849
80868032858
179299390677
140641338963
153404538801
42408595596
169179936835
97041073553
58538888080
181030865390
116015885060
185521745904
186923237826
180121195487
77772504739
209522417882
33900576024
185793620080
57566825175
120930696777
123426737389
53551517346
76643550222
34943682539
175953382808
131226700272
180905366479
91736095511
2269904232
40559105851
51204358935
181127340603
154243958442
213134292070
143757266459
213277879396
74821051344
207997813338
46313064236
182903312682
27145993889
118721178109
37660277578
133341910473
172423257416
36260395893
2358222007
215616448846
213683594468
142450684913
48388692158
152975802349
92060219361
200778625078
174049159301
122519805639
14619796214
123439224643
110325772030
122625642604
152976401922
45735181434
110520920357
188643264738
62497918179
13428881171
3272089356
64631896616
215707213584
33624496218
156939723097
100048086839
101001744198
112779365351
206967117256
90018795363
175988156593
70178500811
214598650309
158853408692
66542884273
161654112748
38192429068
56902527031
36158524135
75232639527
205896688231
38541457396
112784099680
183952947920
72339402713
177935800664
81527678836
209881242370
95258245689
45859042418
12670259563
190700031663
151911204362
151351281976
3909160586
91079338478
199289484113
60766352777
208963591888
207687453827
119538319052
182393337371
30153220318
61906732415
107704934103
64967789764
21846603434
99339766262
96328860674
17093917497
109744864652
121817157509
91777003966
208408528265
202018070373
159399452353
13371844624
201225082774
125673128236
188760788969
2656407208
177836104338
143331169555
114028986014
40740955340
51447628539
132233637255
68831905821
137345484332
181314797492
202521827149
99733387093
118570285237
132449474420
193637932469
175554576496
208741254154
142675777536
204000617879
154373907037
154860723128
97374616021
149055001911
113961770698
82461848993
30098933747
110643145431
153703462897
36248292481
88367339098
81175512169
892141079
206136317920
86830913930
44938166296
129685627127
38195725826
194455289764
33045033798
17272990895
188301918861
140504234106
124762778928
53078086359
176004283451
55314634858
51455308852
89567810990
88773819206
1597272841
188733424028
31339115109
86876141033
215619808822
108188188635
35243279555
193882361191
75143771896
54631576018
40731038776
24196291112
189603443634
150723089962
7643927085
32655464374
75986904674
121464710837
204854053543
111058159454
109571211518
152593021473
72257466717
209021108913
111003858947
37928515715
8341162082
164993508913
115448858712
214757961899
20969289635
37482002686
21059374606
3996731481
85142285940
196317425524
59264272149
116235816270
80242468315
89027880590
165813934340
75364939607
22787514079
92018378472
190147940685
93498177070
23670444991
52159717440
23417063817
197760886088
22808604458
76944029300
127313709117
171037561174
8194629017
81329107987
7612391536
39643608734
37533723734
62756286354
74587905816
182503551392
28624373018
8198910548
80100584169
183735692928
200335446042
184494910998
160834602962
28782224981
52756966211
187502932108
37456863121
95505927514
191012100140
171855225075
183691063417
67874285860
3429180572
207147977392
35607233912
24746553110
135037081010
41857833854
16271274690
123112978268
166615898014
115163030415
77627936000
124664980479
194284825036
30869558208
71485357284
65865613284
193595521800
116168438145
5560745871
176192705001
132745900588
162291195102
184205680926
43584312092
193213693775
77794934303
127414451268
8624074396
14240300244
127463244904
39972910527
103150613357
38409944634
136528295143
174790035554
13458398874
5874699950
190927931986
198293018266
80498593382
79292296793
172723810474
114652439821
3048496692
83886004441
99651429591
207768815904
185195781916
133651725158
137293236438
202592249110
130186107193
170257326908
140854979494
73755420682
96820802031
68577821795
204745725258
193126781548
31718390387
142895244519
144942711347
70891482040
185225719317
57550876165
186090397566
26634043108
130730810129
159478499777
204501576909
26790525256
201294282844
100129499412
123298200712
173412069634
10566287223
70388791317
55740436118
72425821032
78422045014
201481719347
32705883234
88989958906
101245758093
115246952890
138179955672
165544642589
24259685913
134942613460
249915136
18556694852
132708194974
201091295072
164395816120
166063764016
36864916252
52750173172
121771569294
118398055747
104716109821
187946539526
26829465156
42738628388
174392886753
133027039827
80165094419
194008094504
153250266357
207939256163
49188169638
42979433312
53505346731
125092771080
162101305238
171546260067
157733259300
172864337599
4312908877
108382734734
181075060151
97897528822
137873854561
176255746614
85188157636
138214515681
99672208137
149578052881
141060866722
111800388618
126422293160
157649842944
47558686206
134257772367
147052973387
137817295143
56624974843
56606349746
102934072167
39554210390
106046291479
127115355150
90596415001
193828766576
100637867159
172885318497
26038752068
111958918258
145471590808
71334116365
43467102380
159404700296
52698437736
97180498595
72197973624
37027120128
85771257457
198116070795
64677460631
101313075737
117618217196
120327280210
144969485608
173389618555
166961938908
27634579990
187593094755
136477376967
85424604442
19329846979
25701528346
40739702190
91721765139
65695910698
162567286246
204381631619
32946896834
105219249562
37025255444
212239051413
69764022978
143627736304
70923874126
214135298946
70133554472
6900405868
1289010590
93692515434
8060545632
212481883175
46530687891
9520235857
136412208660
66031092738
37763679941
182836339282
178847552700
17906223069
185613398383
47311009216
3603251862
108408505619
198371396857
11265717549
159886938350
199728831703
180659046326
24461217600
114282347410
59943569211
5468060488
179648927130
36615675880
75597598671
55494353949
199495965687
118482060751
168012881919
35687634542
176999544425
1217664267
199918512351
202176760307
186853748097
213719333605
163090232697
207639719928
166508057641
8725073599
124049481893
143601452071
145811077320
86836273635
4489861430
22039863682
58912307718
98764785387
107773993819
152049141354
146471266610
153699100740
176584426966
108250322830
180486270805
3530468790
100440857932
116932708943
199708458538
188148661378
41397193709
157869205103
93684880614
200679343261
148395511792
68665295007
91778649913
150433984460
135234894935
29492786011
88271850966
54035927266
192898547660
198448333366
12095707898
91652822917
93229076765
138362550620
102680448803
73657613150
199519625789
179893419985
47482320787
42299820948
195196816543
135515060196
116200445912
82199862867
174004057368
5761324927
3644750861
193117122270
168468513863
137684808939
94654147877
19360979091
137453101315
117392106306
26154380815
11251748208
104728570203
39340793525
120786571767
197107218236
163555394331
64999005504
189414884047
115375764439
7932212681
161848881112
38148656268
199318011581
149395084266
205020337970
39924687763
9411960449
23183812820
95487360435
76558461193
124354984910
122037170952
38303657448
192663557042
92759052242
65092261582
6128038421
58672771965
22706116293
16374056805
50255880110
83869140515
186329964811
102141455442
167298000267
121267510632
48768802067
214014073600
17808925153
24190743902
179926402277
93917337895
75899463081
13636171768
61253020089
118800758218
186327816745
126686556397
148026870928
159115886291
128194763855
120057423370
158565001220
16259642437
174809708821
130767090873
92455445686
97833269482
31798916132
77864185963
114579859831
53407275493
105740447667
40308188958
99136539942
126193357389
103565741581
121835942303
87112798690
11839310571
121967903179
91455724559
176020126831
92780520731
75215212458
131116679052
131351548347
46053577582
129970042887
130261622554
212328490730
40043936368
65540411147
70605682715
185127779927
104681531287
43067578565
195543526488
124583623460
113763045764
185608573775
159812858685
129552972114
71712684984
95379461155
100798056976
105307791713
159657382743
31998213909
66167072886
151934320108
97078359747
151436398052
8576882463
170197564793
203209476613
120943822744
178638120786
4004567549
68133137036
207512711556
166967280483
125221497169
20755031255
210759725969
10682122676
180641054690
186363768610
39933714276
139808100727
196103594498
161739358891
74246498119
169353957721
172129722971
35890300745
118784779447
195392908520
123783280678
73297724336
116618661713
24898429434
24861857452
147915276100
34040225171
45226862755
82306101979
71455838817
53943583253
121887010387
96109162145
142137007116
186601006763
186984452
188987702427
104504481392
133031990749
48256451180
92508853886
176728940841
58520368401
129502054540
117892033211
20863306734
177438615110
65371627675
78544727788
85730784774
183668847760
115328344673
106915416225
207089096328
34190353259
61688193416
93439831669
49929809190
91494900768
123199246110
27832787810
20672291235
140858156222
167529141215
112968401300
85163242136
8185286744
61837497676
124812474687
208961875189
69244258764
200700154528
107443045619
9638280440
97731153786
164670202604
47121185419
2634218524
116091200469
14579729466
212110785428
126716719019
149231865652
79994772261
116183878016
141624592539
93934552506
26840073916
138925663180
182840113775
187713791668
68610741785
89750734733
198902476428
126994891364
73120829428
213836956089
100625688127
186194903758
74040925138
175393211005
75263925136
87680446580
85005124329
101357002435
66663348076
167195723065
78835639549
87562944431
95222760255
76932824846
79726945421
155314510870
107444698536
85942840360
37410298602
215851292362
36644388417
38292268659
53896031989
28541625251
17634202267
93165081950
97952671923
161847620674
54830601952
183062705765
155078620196
38536409235
210912266927
151546077919
21276203000
50632319064
146296302925
61023269666
121378927732
135408848380
26954794271
167463707550
166166213253
48807475422
162860241363
215850164537
55445837520
40198117817
179504096395
173921568534
30835382575
132556215762
91039460969
211990016355
82650905958
94315330535
78620343570
47255439780
93043988711
202363450019
54265424573
214114811207
111205631351
54227613077
128125240893
60350960012
78188637065
182352197582
115314927507
107887134286
167224732884
79802934904
197384848865
189623494097
50034130009
146222217525
25217258502
66639934475
110975177560
214701020781
120746731515
153965092430
103697250818
63748261361
23488721851
192542196710
79340401292
17750785219
185613167247
91754122157
49932683205
58228634003
88959469474
151812557269
10165642308
101730529191
71131040704
85210101030
19277952912
184458194543
141252193380
14960954211
21524262462
24847140498
138729341651
156689964167
156400750230
31573239153
126976097970
100239196148
74473664369
22038548852
4297975562
178046623159
148113167308
44215958857
162636889215
177658170604
205735164436
141601152084
9531226732
194649777425
65911167389
72966847424
166053685462
175644747430
177642017189
129850946024
181986447137
38156065654
28788933375
45902607994
166119580773
152573423545
62179416340
135045716959
73973659137
68723552864
32511882739
127053659345
186246536140
14110566820
108952047368
92565760200
39142420285
42811881223
4305103926
96810229535
103498952704
133520714411
176405154134
38105843616
43785521679
80057707885
171926685960
112618010098
27567048169
82274052289
83324527163
136338682155
20465089739
36407978855
86445829649
51790807800
111469998855
72210928278
198942035594
40755064112
160551075115
182306723386
173634827261
161676818606
133980795271
154762472264
210876215342
162101861368
92060416326
42031523677
57243855784
173875954731
69630462698
83446692041
79665665031
92925657731
198222077239
170356018731
15574311554
171667633810
133503774761
4178171876
6120111914
54481037030
50055880191
89325543402
44245962219
98237930896
197149330982
74789962993
202709304155
96166698884
111467498764
140417370692
211261194776
25825542381
189417028205
89535819297
73871226052
89116863131
186714100365
170513313235
17935120827
156725660933
59801334595
193850267772
178842708493
50803336914
45949177296
15108341032
82755638560
40856136950
97226566853
13871393336
1881470585
8423261160
11962402766
185842735646
90273614541
170786991435
57022008825
188017754806
126204476671
82205655380
199055731626
116588556113
208232370172
23994765897
114962634121
34465074547
129133843259
134369372231
6074984380
41295838589
280076235
107253258985
187045590323
181613804171
208081376705
130632251099
132246685668
93956462526
196900844856
143379209541
28694132854
97130041255
168920238074
67237713684
28458580834
24844081805
26536130617
142746214146
70451202517
111827731784
97262941771
147893435970
17406518540
137608082044
164970899240
45728436170
51235090853
12590099829
74152390688
170319919985
121075547815
168657918690
49312180514
136748656733
180519606694
155171510791
77917897394
43272900267
54225949679
20681286088
192194921619
151808509763
41558720748
183049385450
159075108507
8892816211
134099235299
165891950517
146409805182
40745707680
182047637713
38845335390
29815553223
161275082603
61168890418
98769389293
93932027264
4035638422
149782940286
114257063185
38544506188
48802477508
7400871407
189351538948
154393533734
201158409449
31901939401
14143655649
201760673481
60772339527
213491247776
124221417623
117218131543
9957789994
36806147682
86086984278
150012431650
61037511911
100861041782
54339093609
113418328993
81239549411
158943560764
90777961439
15994058509
116723248075
29566307037
89466393760
100550837683
102490397453
24217581438
84100108517
207722572613
93687629479
60745713788
69608652257
151129965760
61694111352
193925057373
61509478756
171715526591
62122811503
212752962867
67404110927
190804181544
42858266206
147906200759
24518546765
35638944849
81658751207
213995167389
194779162025
88316643502
163031224186
187436495482
209398195830
75761462717
197055166983
109342565808
57626412186
158200082769
105943269064
64910923710
79216768903
43997026721
34576312232
74090220691
48715779959
199409735647
28865246526
44894490435
165599398166
126102629533
127366409678
188933970586
7400866359
33640498342
64368481828
148278675885
102233052532
151080529943
17292172843
13726234193
126379561499
187798030323
85613942009
157055823441
46328799829
151364049145
147847569005
101720627002
153353338259
180071383075
3551890782
135502209822
121081067467
13424289904
48681139272
203386080795
134651997901
40051587987
105939692205
88023022415
163128954093
189307610488
207590763425
64934101901
36988314413
120910289569
102680944018
11231511678
91931286112
214725308174
33461948301
74898362104
187545660652
135638964768
194895579267
23013806359
198186857245
18810219319
6921987099
178696163101
110125194537
5413759579
135529727472
182588438493
162608502372
146103194169
20093639865
2162706353
155622199340
110060494016
104588729851
192172936123
163474858171
150318233294
93816884458
163141511836
78330344772
180700955526
92722183875
96161396362
73071014050
44842613408
136094200078
163524630652
93769788387
96203385183
200676438301
73606030372
148654269447
211194385427
155381882636
60606790792
82175558097
198786882356
125814194249
42336844782
76763871810
180518794431
214174462558
73693357200
24778573229
128532114923
161954425738
143433844182
91339580970
184361800539
149423164215
60520379968
147082880006
20789778522
164654076492
53701227890
183535947350
191473185486
178422932538
187652124563
40398897111
208933106820
130670476323
192661082024
17134861567
160692831734
210356748357
196213656218
45279337258
53086977332
28709617427
16792364374
205328543487
33842242465
186791606087
44287980366
68540556315
36493696581
34352360202
161114401124
2322808600
52513849960
172166725993
90622121847
67127456888
72127758433
80925599728
97081060402
21062652105
15651450435
102700543654
26809672743
94718876109
125711915927
147490614791
157802569900
197363185407
138278835933
190421498577
205843022771
146261110492
49311326590
14058349738
62066066306
142209515605
119858146715
148260628395
166473780730
172099154681
110290611784
206170425080
24598489291
214747558045
20885703615
215057109916
73076258458
163842102324
42769199232
138385518249
37562441332
208591202734
201974883436
172332241959
93419412896
135894813853
112866668347
214958892990
31515598779
119552630363
187582482014
180796827443
28376431173
46770399460
138651137217
159872634905
210581955699
49324318016
43824011375
203087611917
132152708635
160926031611
213320596974
120341916613
146705593493
18603730090
180583738419
173925145647
45461303317
67983036441
123363528092
148655756891
183418533587
55003597151
78920428150
152426895694
210360290855
130554496393
122140202395
82237215447
139784435379
215311746325
38986544255
130334794423
68720778275
106429402481
16729776175
94431669280
107362116146
140156430836
34163303278
156327787729
200024732183
212464481195
163641457673
155757807709
139005964668
177385747431
149903929320
140898067978
49955318464
65254784500
192287917384
31421704620
23903233128
187676334918
112537043640
52206052193
192808211180
174428613674
131541750835
122069003544
33124474512
53878153289
39949597231
147627469167
56718549296
125199110639
21206362597
148628218553
195854980155
10369960285
151951452816
153390052090
115002666767
396626172
87914210318
174843752866
182669297202
104340433242
70199026222
101659455702
148032170218
38437438166
122546114658
36767234292
111931965717
166710749794
64986432298
66625662467
11248086348
126442384093
208414174325
214995641078
139201485216
166551025487
210312850701
100309504960
151506382510
205036613621
193186286299
56237077918
184720903077
130524908496
108741394712
21090127563
76872727448
39374952876
86298469381
167332906936
56571956617
144894169517
168106404090
5355744306
36893806536
33842732778
32826007603
27555178782
10331767973
27115788830
208575365037
164344964521
155935515719
152279197375
142103418912
23649256465
149003132587
29619928689
127711860476
69315033010
202702562066
21560574981
5634454232
142027003125
213016995030
23668815560
202312130495
89281548695
103095601621
13165755569
38520841980
32787746395
60435586616
127817199450
110674440699
18622682822
128299878303
196839016620
27804387706
70206981634
48776885379
95936331666
14695808431
118759366830
93125076491
186630771555
136817492422
187672953407
14886697339
111475578283
185367658157
80798900630
16967913334
132938932423
51024580115
99079527199
177083474272
200549437988
13000792630
61016301290
18226474212
141582474430
71841381733
8427609146
80886026891
201068702008
160115960982
114165191855
181414324640
122801239684
19087900320
167732163596
191473187606
94174792530
114896780706
160876721516
70937053716
66877011931
82100585444
94190080018
172015282259
23523411400
140835119125
213164224698
113257766822
37830528453
51340402456
45343425830
93305888362
57662522911
187931591402
135237881562
190024893891
88163256740
35203448315
37609225755
27137002549
192082423918
13113847395
168164899732
145979482186
177840588520
125216203477
151348830252
93215020593
141583866853
196312023182
17035116428
63076426752
87025755282
148303943940
180844812476
162643260160
99824908660
87613206891
74997015551
184649219653
17859077998
167301803195
81696688420
200391052872
207161341664
129263832134
22645969941
128078616580
16031210915
76767212926
195750389726
132835245022
191649083538
165616822736
204568710052
115781685244
11287103149
54755432308
209644029989
161650689748
10326068417
193262060539
138561421303
210671746359
143127210344
24171080843
64555898393
72301028506
140003869962
107449910196
50483476033
126715330171
130567366317
39657235065
77335684914
88213349113
90143487879
146107031824
137555173396
56695743988
189707352507
111709229251
207724164503
25851330153
79491028949
47380717376
206720948808
59619889649
52871997511
72746037189
125973520455
131974969165
207953253823
77147702023
185522641556
193745810118
167917844633
47366009653
58965510507
136011408511
132812193260
97907601431
78269285223
110219515503
85665229247
105294611310
648696144
88014231601
41880105050
211026129763
63114988011
78601766691
108826253742
66118515194
117564723209
36012313300
134906088042
181281533074
97982376412
105837140655
135051997951
177592552962
207200854914
192737794713
101401534569
135769195905
170343537441
74478662508
128776557670
7141919283
157853420264
64153811013
55270101339
97967239057
20720819396
185534836477
84403246724
48091326963
70518225262
201940931187
195961328190
126879491675
140398699647
95745519580
100851825573
206432555515
204036927671
3648297276
134239329493
22790645368
132126115829
139352526596
46671261358
93269667404
10416867090
62032251729
209828146089
177968769972
128512077398
45766310390
171192730006
200480511469
88089907525
186101969543
115308492611
50829467326
3275833573
68456321566
21331891100
62094672475
156193436977
118696841365
180388844949
98922896663
74522966025
14409255035
49524702888
64078405909
159898767748
40556068250
206017246104
32586773182
80555123136
113337837270
69439332212
63633316063
70823803878
125449464116
90775716479
204991338426
84385192818
178205193419
204396069910
89391240174
92677347391
90382049096
130066079390
214682699919
63476842898
138309700256
151405049022
180092080881
73213033439
130776728451
156514711781
23951699182
51250674458
162809599890
193261319743
179498959566
166318156514
4640404040
146021123598
15944728618
144021060166
105370371984
147527035372
161199187844
148358278135
174012866290
189703456208
37974727840
97205572549
4398114824
64641761486
38572035149
48236551834
32123267303
213373436822
2583963445
22776275714
93667945306
115112467147
153496253541
110168711046
174435973147
63773419977
16646212803
87720918314
193493083922
9834922023
86411705205
130180168245
130639303360
58320711852
139257002848
187964457007
96720386605
16404229437
121090416661
13613203088
61942980005
139064761957
16319512299
61771662073
77037944451
46495555498
161545834500
142416581264
191127958508
63226484351
17674908192
25697663233
55895022324
413375871
171347171857
92660636436
151147467085
186264891712
92254630535
71763107805
30992841748
101569473922
67489189962
132199723841
61978731666
193672704700
140363376314
65267345824
84154762023
7812983395
143591826322
37253216114
141413646336
73583196717
129019334159
102710016721
85330384162
27885975908
83023862087
27746166989
90095496646
68219751629
134417627910
197096004589
101736521657
193620787742
162223524841
63412699457
88121343287
82703240601
121750258024
211063399268
33198969818
142649791089
92182936904
86684562969
85616815324
26474818795
35383488190
16905090425
158983955622
205903264357
53374658199
163557164028
61149003294
105187954449
67624325740
142138517750
198032773223
72651531825
162624963741
173369092118
140808535749
9581010573
10736086110
3772665892
43106931375
168099746146
131724263135
45744265418
110175551549
179934978346
127534048284
25773127818
65233983486
11231783329
57058791269
31705789071
172720416358
91168762466
185415879497
43392374660
170564251330
99665776940
28661030730
171241573603
61707551569
70587948422
40780491936
167118217764
32548856415
106247817910
199770160814
159733549764
183725481555
36795115602
214425674787
120456582626
153958424312
149441253802
32612795965
176867955065
90710037946
156403387662
78218111242
128988469966
26844964202
133586006887
197816159094
173718516514
53151893898
68535889339
171610133384
200437743873
17859871032
60095998752
21917488281
186644866405
150143479230
192948066732
202898242375
55625199423
40405900653
20080031619
158151071078
206232718853
185539067358
78198110211
129790659274
206339977816
197018530382
136392384859
55961715535
31459930414
102798086702
199895638482
75173800566
6573472329
2345704714
118263927502
44459865537
194524380726
200410695910
7495538917
64422367294
37657803089
39433175123
190552825607
104822253705
45147765487
12874190075
170095550172
7239807741
191980115662
73788965067
157118714359
142755293665
169192310545
50330262191
161102118999
50960041529
38026338774
62681435723
53800258130
195060784969
111951633684
53639628534
44823100946
54719306251
72910679938
6176924080
18515662892
72147554529
133784495418
3102343528
56837125761
28717097705
137899889772
78772596321
96672070311
101833815841
16220949812
214524754528
145363442268
76391626289
94822105322
130292543178
85694022445
79957212460
58340083297
8686543240
67596187088
9151517621
131402817571
113080686576
36339314608
182951810591
79234238019
122241309241
191228730599
67966449937
120834501029
87103169274
27716169765
170210088932
202002189742
129810341307
174389716160
11452390378
41712252266
199888953868
209377401242
166116541761
211077775453
193968999903
58261960913
41698691757
162000996281
186487654507
179582202186
176196521614
134735884422
172959432895
191210256940
148039341186
86986935065
163475955287
163246404620
179548790172
104663286924
101252901247
145107669089
140262150507
137011334114
83279739249
83051969523
16935282201
125011942049
175182870366
5725930780
184210993785
54836416827
158597668848
188196533947
12784064146
213108439670
168621070192
176836874865
24373270161
203484525452
199797258529
159954660319
131068346502
193615816053
148604356455
96850346742
44306563408
68488729955
152457145351
200589727307
161619440531
187086599849
107897310085
35385345056
131117882476
178323504851
105278786743
182053434733
163717541853
161283812969
50300199628
13608760578
55347427333
112925902560
63115887576
14708006526
135732414223
89351539469
126585492997
204478690375
137664397755
42839358818
24341875510
62344202620
176079789115
43693294183
148195936892
126497894003
204206814434
214562944853
53270364710
56496971265
127670435323
63611567543
49297788392
28761429223
169063486744
141498136725
2985622169
156666541092
59536655219
27942499633
151594918247
32790617593
207675293374
10806024330
118020042562
75249337109
184198874343
153777737562
91397105174
97983250087
115583831107
25031715327
39456608423
80551094065
122736993374
152356840215
207001473229
86044963906
129155066349
170027351358
107464573512
21634167577
200903927073
27389782808
178462446804
199506028071
123807481355
30648450178
121691589032
65244087196
152823482648
28025052538
210265864870
191207670726
80892690080
210138543739
86357476797
132315207172
7164776140
184343241578
26019199714
155680764931
153344087118
54906573067
142903864793
74961761561
161210072006
212295704537
173603737304
116332545432
211427982452
193470684634
121274113035
105271776984
177394010354
192336013258
143057643453
189911496620
169877422669
31511161046
48981969497
123075026337
10586390692
180252377914
149769272372
185430208401
174919201001
208598508687
141543910787
15553316564
148600457534
44213507727
105596676120
207057332308
146161212602
14176859835
40855503315
115250226115
110872184317
159457102480
111456309687
125361487217
156089315687
108453049652
21097022446
30656103508
4209852754
117024367705
105779427836
204540059784
37449497449
50507340923
34531078905
98815149908
198628418833
28771596805
173635289109
187629516220
87184448988
139655901413
105291732353
212040213528
147885383745
201778909068
73914481074
52035686131
206962900369
120801256027
107329269675
14313321519
46624452638
163127590109
26954142213
65660314805
61333233231
99085827852
93068707619
86965334612
80729415722
135973940949
138320207878
158947375734
26945761094
53346075140
30135092930
203678972179
197573443168
24638303419
185430425071
26855920779
161659787848
70241073138
287926686
67292395057
150934006696
147980690474
76468723419
99889049176
98448736285
195199983749
212321161023
188377585233
186896326846
82601334186
74840509761
206660162748
66934337056
213831389927
68335349449
2418107468
56169838755
90290361064
13727994146
201161491628
8691660481
102722788075
86676893415
53077237293
188937167985
113339606570
24148747072
63327423405
174304450020
131696170815
146303478630
71010444043
89759642310
171940899329
18078711194
108671543357
162020248088
52503393300
199185655524
103284744605
13063430042
16862481883
45519915616
121540791731
124548422510
155225107996
62181201169
214987273179
173028688149
78360168026
185483203180
10571616963
25978099271
10030617339
94532945979
153049710363
22713244651
106487943017
60184604391
130446240958
70084773429
36643052697
23456375675
153270746079
94809755215
86004389768
64432645913
193273736189
90467642384
171085454990
54221927276
184997063676
197524525476
210923949076
84190680461
125040658048
129031587058
82679944118
140484144670
143314253782
27165016864
204005573095
214448615551
85269423912
191599496898
123337919961
152111414169
133082815857
100429939749
162045175602
50921756886
26653505188
69892557019
41005149770
22406148168
73272644454
179173581800
135241122416
181211401936
142893288118
74779620201
146911279678
49769581280
13918223556
27886690124
74100889794
55533884254
59593579552
79126234206
8957090564
136086139903
34097525429
192709492657
202760426615
39759852298
7476116095
3410045409
46495800802
161584164889
8615179030
142910480191
147706889355
149656082617
22613026327
23769749369
160587975636
189883823489
162480534540
145921433145
92498670734
49073791195
117819828137
155032539268
110108742527
107880943094
5714568605
73463775691
6191361815
110975405699
146536270297
11816453266
80637768466
133242205075
142601100143
37547640041
7480264079
103978898218
97069401656
83108599466
211172278003
121119179487
122264990427
212540087715
81771733253
143158889156
73688686366
182904817321
167618439971
156290629777
64008192438
189578172572
92260071967
6221375907
158454351241
1413026780
41351366007
89904064076
60843892760
197793041702
12757048961
8334557738
23342332172
199186451532
81859267457
106482541101
17516754605
80869675619
42720837172
75236176737
50642785824
63962034168
181499257734
13848628064
77269479720
34944408294
104540545743
75477294810
29938384275
75515251782
82025549513
34002045317
118876692125
117583354567
1353787951
92269457296
161415333796
23152042398
47115669707
131229472497
14452168218
87954181973
33931462299
68195849308
196764237885
79781285872
109560884453
191538914245
38224034756
30387171609
214167133599
148672751942
127170958188
205512483816
135657963448
24348906048
85502157592
155346531402
154893298515
70940743304
34019450093
79004141372
99476863283
50261630040
38074705687
102958143358
177043363183
3843915014
4429877658
123221528857
179356131876
206868986330
21013754832
154477242171
94661848196
92792318114
99072713933
100428517372
185205940331
118411208025
93429871870
90530040783
190051757291
115937386165
155045005588
100160973045
128158559845
1436930454
107990367240
23935065522
44648289599
202970142819
68364411002
206023112404
26530456301
163595312603
214065189080
39023271582
205420702464
65704601625
52006576277
207420059634
5667261843
91198348538
17044484093
14896896277
209310150650
148026548376
198322220560
190564213511
163075305665
83647847739
23240408179
201216781893
93491203490
152216271786
12211437811
97913311592
70495572218
59452344763
207681801985
210451292527
148427995845
121823043523
109436293540
18903291787
207309482113
165314629155
44542183794
111292539395
125265668971
138296283529
194459775146
41592215238
131034316853
150289495366
183437645215
113411880212
53527818920
101477014788
97847883555
22732867256
69769841330
91112283344
184783693809
88690434887
107961762632
212245218939
51505767651
13207025442
171098899258
108852569177
122401900302
80031151571
20206497812
41671626686
40803805823
33024705363
56344013959
61557784104
123221376045
188196351888
131299872232
154292509578
8539335413
146482737065
24367634482
55374205665
57315812634
56924617213
148197754652
26001427957
208320792802
208594216504
119869955279
26775899686
25665857575
48373702075
128303830119
124443300928
108626496419
2870806023
135259635074
21545541918
164565028290
159213754103
164544282096
148614496729
188708719746
27774040724
200429616273
178940615967
63115477979
110462564602
75413176121
91395749058
140881452348
154025297571
46275496572
161260245029
190146658398
112278822124
196922132066
189535871175
64799202290
33944542806
103603078803
161501121697
209132344511
8617645481
70737363162
822832169
4709071804
13161729596
156701427543
179375835195
75474928148
157310658838
22156636975
48817430764
155814383584
72551484296
70899343002
140281844427
50703856207
182808355421
206131354743
188463768047
103307485898
30430355289
151633560535
53406351976
36421798412
88011623834
136180070132
210635967429
190934125574
211731398576
177272897769
15705935930
90909775404
208591792236
37917913535
168205153746
118506561889
193780430694
181926290427
144583618862
54533094991
124398652762
152002827717
13690835461
191069721269
213655911413
38112671712
93047345212
16903924164
55413669026
76754099298
201401466667
53859344995
74008519361
172947161838
9584400977
153212185654
88764817763
108828889838
113932285878
32600459881
74213852475
213249008134
71809615749
56614352589
93719219661
191372645599
169019353123
177418234379
123851225382
98907719687
209784867037
72884869661
159528167002
103943319136
177791203145
114189544797
168982912190
84140033336
30236122794
14017870216
57108666923
107570406323
199472484890
64461969776
48677671482
169455339878
55507821915
99672614821
171806978490
58040053563
77753292615
86790737451
95529583360
14030430375
89154444388
179183625494
140367520362
69987474793
82753579228
61009291254
73416063015
129809059617
119540838882
164138419130
102636085626
209171011711
158572805704
63509636176
72750744034
20100294806
45935021335
59379814441
7899533930
38618138267
214411399332
153983604464
14124802099
55055635018
6023300789
96046834971
178375666181
74336855192
30484994997
176083995600
201365179931
175457571310
43700225572
23428036091
145521211364
76249602153
149488801138
158270186579
79431719281
89137854387
26426905328
91531096398
11545801732
39949417436
125033843817
152196979443
99192023512
92943512914
97079563458
189492581603
102078831513
5928331932
132150173663
48827616622
145325729208
83037900648
90775442999
124791450107
212569278772
28075217479
32262884382
43703791148
112915227424
204226296268
97585780272
174837204955
151656431847
112171012446
97539068167
122800772350
152799429694
121920662829
26033965208
165749743908
3403931423
15067983125
81171517905
120902681552
150989707376
211371630228
92199631490
67273718209
55730823691
203336863684
40238722259
203483927335
27033682963
164064325750
67052257235
81641156748
91869227864
58335905154
77795160408
149169261891
192439856668
33010843583
15716168819
158104058911
25853685725
154831224260
68510079282
148344684294
118666239880
179714635880
4616957152
2108863347
167521442501
46415806155
78187672391
86044130008
156318788115
106150923537
147399713086
3366519738
199669040965
194444951713
113006728912
108795583224
142634796865
177540819128
41526496239
134437316009
111516955433
149242959517
180718788383
173702821856
18689638142
72260462868
110007775931
169054607526
122318540117
21504919881
65362412180
42931382898
93559489236
173985897365
92136462324
95977337163
199385548731
34447101152
102617374543
22946672109
49429146573
67020732151
100012107683
13349304972
142367748156
15120343106
119412990631
207131728273
136070187606
104639142549
151874816162
166788689659
100295063611
74613488343
65113271901
182254350222
103642650567
56181995482
125286365248
107896992770
87632883814
133038526252
155619304142
81732566833
3898748426
43270082710
145809512884
52945696687
93011806792
105010017601
140087617281
171815991946
171357870755
191623739384
6943448308
143360356114
105519972963
197219279877
4513208872
88658018899
143077128715
78592074213
84743090178
65688254017
125466950232
148813175837
166303474875
106843274729
97064812882
152345891586
106786564114
185109887800
3463025618
148575000809
57202150853
213952299143
28839545632
88518170809
95519315411
55577621584
75759643587
31825263476
89900709006
73520505344
104205382058
92688767241
118239412572
126203988101
98663640736
212650038804
28992561377
143687340524
27451855684
4197240873
215502875648
7517917840
43919889436
121424593649
171637851435
78553605836
63575974334
66721738015
13694095503
89767241719
90972761763
22953558413
170402675772
88200025254
38905427379
140305298871
93828726964
196850217670
205048746148
139403725729
47393373874
101933195061
80430923358
190495237145
34108685892
128677122485
55942608338
85325301308
106953964654
51089023646
13373149727
153758558719
172620017420
30989550173
184647388838
189823997835
76110228370
24461918533
195786878466
129827775181
80436995469
182545380998
194341246975
73969946628
60794947450
13867485821
213410740288
203828602361
122336486647
31741712711
8049026266
37551564274
197693142278
133005365323
56819716082
21989175317
203071977952
19466488705
88789576241
130726186549
91599362038
125345869749
113050202010
87593359252
210206924040
185055564703
75175862105
203463674170
65344128961
181855589584
174316156498
205891634973
174866768537
