64928565739
140016849649
103714798647
67523912676
117890169507
161802751531
23765405866
21365756098
22669383682
81212966754
54708685888
195482386458
159662509596
161787659556
34922083525
3592606155
128688835441
160835565497
102664365410
148285100845
122008906143
40226271984
149449203307
42145862506
94171689192
88421410875
104196228599
122246396407
195854010072
66417022831
22363802104
88033522552
76602161104
190255550415
111359330889
199247744893
45042448139
58858364985
73916042983
14267720387
116196504283
131929789167
40215736083
101840534000
94428518990
118671602908
130873869405
200920221914
31701870025
48801991538
164830645360
88205030727
162744839148
129831751558
117065924079
34864253876
27303304621
21990642880
159137046317
96530261870
3246234755
85629928108
144269223901
190456236974
92762846506
84686955972
150785645542
41828019441
181306930877
184335407696
24338985206
30227506119
17325554918
130583515083
101573117522
67450993253
32737888928
121226442766
76652396021
118774451332
72049334152
187402591798
117090603728
144540622129
31162135989
10200210972
52649361131
172322954788
110352482720
14692623009
104332848397
9649301861
20946533768
121520035314
169527222098
137496966438
53010945403
44307707488
6020960091
128654505756
102441501421
188555130619
37756710415
165522444015
121110788199
125887064646
175547603273
38306224660
26855527027
144601674289
2473626748
81674047857
55601176261
159056163554
51629735787
115970879665
167889686442
153235362927
75699213316
189391341245
103517224394
15817146575
114495920146
214204736045
133220705774
175839743065
143528790606
73862875013
63505452763
120578227429
210966714160
62086098525
76908673087
209800252491
101906959253
88613407006
24761097682
204523519624
143369068210
102648378645
23625554039
210963859088
142365226669
85064241472
160933418651
98844535797
54295997391
96164081635
24627912911
110757218473
22446757287
124147596444
153349389278
190834855227
177113612918
160228590996
29200090261
112863511431
49251594055
59650107882
74184443706
22808431239
88266262922
132790669973
126823532331
200489994845
47009787832
125597890780
212705288241
35486429896
201241119296
199193719246
18534945068
26884417390
15823122473
205491836017
111185949218
142244255041
172728224097
126490077282
46610514146
109059936252
71407663866
143331975300
166779906944
132762905517
50438238629
17889371857
163018741018
179612809215
152779443691
81283059756
1211813298
171723169782
84195672817
32116675313
106720127598
163107204233
44380242177
69253199187
147739060762
55359984491
105678358143
145339748383
199151315696
105878212433
39578774652
4456374867
118557843556
129006316975
134337040532
83117061717
187818105981
90407192723
155487109008
30513074050
103971909175
21581371933
79894147274
2463497362
155591643131
48975356076
15802824852
213370171713
141860619688
135756976866
123618968245
87986734742
204784124816
93930040627
148686453448
130254737755
125991377233
32816709518
171458195268
101546519590
61491295532
178123854047
64046865723
84194942160
112417357659
170271814440
27321401396
158852331340
14873196055
85458051391
149384879285
193640451153
81241465568
154112355941
18379192126
94470181903
132609733409
99641373887
70377429499
201654175053
128577245063
20752684730
52375202363
134072715041
38313234686
142004372767
56707530165
58422223991
45002411667
208502937852
116772620027
200266955490
168239986908
117667268801
179878598740
64352837787
21807307553
210242982548
49839750116
10938639220
84906465262
23352122124
41902295179
200062545818
154062325058
59679063241
202276920525
22344055368
3151409420
188550413711
199191645836
60237826503
215630137280
67642365835
162526215049
118259857276
169360879487
143240229205
62041524888
186765676286
106459559489
111879424932
107499008520
130813798674
85835215110
36016293782
92689970695
187243488485
14524684795
130960475324
2048055018
142143524754
84275206733
206930791878
193467858257
134769541753
183057002829
112002300902
20791198968
125993414326
132739278145
164035905318
209467858709
184461049738
190346800047
155559900426
139616539298
118727554609
18011745805
111371111337
122952079368
76209782836
87764232544
209908258053
9152270734
27181266012
133561917626
203086980429
52609251453
79421198765
118173949208
29699921071
2704686648
100131838237
20699396442
24949943685
94022063455
46115017186
188464478309
103546496235
126294163454
41439188312
166598705301
195320526609
59657151409
12084754463
198552692966
160172530869
170745102303
73089536354
132544476617
82854197599
35273420197
111375801784
29306816317
117593736582
87862771634
168803546676
143187440478
99499398730
84429560384
101855310834
36367615958
13647181891
168022460138
41003746052
96498582890
199438560520
89522516705
94879232438
7596885162
179793942874
5110290963
74283533272
195054305795
46368750944
30946286604
102538062998
83736283129
68037462248
82915803728
8711219025
130210200548
43963126280
54896920280
78080931979
126564671018
24618806631
18117228057
188715155074
10364775858
174314565387
106526846121
168114075162
115072407702
140728395587
80806360873
40196844506
48213411854
38856259583
16895232707
46947759513
132392584827
6467916363
140003218933
158374452809
102369625246
142292256304
130613507203
67759181480
135620668843
167622866649
32669901308
176605937610
58760391047
187117185996
23638197023
186341909968
98062744868
10402056935
117712525716
93106028786
101038615391
164266351293
209029670190
175251366300
145750814889
162218562285
57545240319
101989971768
122327242936
11340800728
76526461437
212429661247
61217383509
111390184887
95081590905
59331424394
134967690218
3613135217
138509468687
76677107123
117405618160
125271009417
154949381590
47535006413
204911728288
43538394017
81614699975
75722000169
158402465567
143129369797
7348488908
88835185325
53005265523
169263953529
69304046392
55040890689
182468343404
36385369523
111770010008
55822573954
91568564432
139657629839
19604000134
156815235459
69341767008
118356427158
124307164478
30702440113
174707394363
127872328637
34486017911
124926711406
74758376850
55480413261
99450300038
153788969458
135588185517
66496584869
10331294334
199724430916
16567201940
182465514228
117251273288
211767981466
46413376163
168371816117
214820147968
158359877645
65158062280
148380174791
99419000034
133870496726
137428802082
143950492999
109164613678
165446900339
83931436654
49009413616
54501117276
94775787486
8316704637
38645400005
163294114219
78685296903
207259096247
182814887040
114640817597
141019580409
112795685159
213900375899
187333823982
124330459521
108630612410
206419712465
167048352920
50719267452
177229247799
101276175895
55902136808
71457813857
141203661785
177069907556
116659342562
174162725832
191606112050
150140176936
87776321530
22784761926
113008299579
190623989953
59328514351
211236935372
154408832882
187240357864
158819487457
183299063740
92095712177
76319338981
178836879136
126483341626
160664305783
185772625169
96165923030
163510726109
188954991411
33582352750
130609825515
60733056466
130974165953
186763604799
4361826797
89935419736
189375070375
188726336827
164271793757
139400341879
68547977054
51443155409
196241053994
54084838753
19277749482
119108273444
140884839989
157246507242
45006302348
116590277684
109748706788
174376489797
141102806462
130674047475
16798556560
105150218383
76401051598
186464610389
148468905923
109712433738
74392302096
84224838599
82820931562
189015166883
205473840455
25450448742
27377341675
101997777840
137786799978
121709230401
100972629949
118125997185
202583910136
166167579773
169269482130
35934459674
120998910424
31821231631
53595958800
115212819988
48203856962
148393699893
38608120919
13043057782
189497788444
147461919338
17429320605
202694885633
83028905678
95217287686
50475972552
649092424
108335152585
115301121583
175544635346
103844242493
122148570708
114876283891
163444498713
154719590855
102126516548
188127614607
94996891650
24089138717
116032940147
38808287333
188048603479
88827269858
40620437215
101731156758
109718093261
192481323424
13197687216
143264908024
175363861806
125457677792
109212470785
91278709641
190762144837
10204730539
131192294155
215131350819
195124076625
87270937933
52702841600
91944163321
191211956920
129469153362
136771417625
73732533997
70323826440
170348543395
110641026529
183351100936
44254553556
48312672980
90631183747
80831828706
151743060715
156078189036
64731538551
68300539834
161690719193
64418767883
12742635756
20518783483
89781279335
133971627098
128656563872
192798307837
160172473753
132093568933
65720530592
89093508619
213261305461
189946776057
53921251215
171666711480
158059847972
91511027791
158133349870
12603223078
115538755269
33668945492
204666617875
75950005480
8429338769
203043066576
25373858222
200938010450
56709776507
166314792255
60187545213
174676168595
80455346605
70278534691
211999509886
175260869837
180478733070
209115067121
71508020022
28263384866
183535342416
155518677277
95121834303
176032874531
26482738961
152303903777
148348516631
174975490904
31775011545
2871888303
66269793839
57453512875
118255691760
192409259730
35625834684
85634349104
195676216526
35452467140
2774787854
210190631449
165738406832
94712375116
111627641940
173649804839
178023763628
124891629078
34176340493
88824483324
167305411564
212192261249
189307522051
187395049843
182831920076
208983785440
194099048323
132770748090
183131676578
128573850147
4419265964
69413553868
138575596594
142209934379
157332872148
74472346308
24699262619
29147176431
205446410489
131521432365
65661660576
169486955487
189538249392
48334662512
184593454661
15925738038
41371521331
19482734043
159954762585
213664978476
190044069314
198429274047
88469571580
150223553011
53947207537
148953233367
117507463512
179002158349
68070302014
1217243932
102757702449
49647163713
107416320257
157302194997
197525531684
99417391356
29898132360
215794588250
179282017829
3192028030
197173426779
106541732512
99686195850
145876241350
150413233028
150861496911
128553280238
60351019906
111489230940
84965569672
21570886786
148566240481
90971032790
130092310099
9141207377
177104326950
58086454345
29896159034
192777163944
74868816154
178320120505
172825426994
215832990666
58251402410
36588198239
48650210484
132661367728
151472342453
21175552258
214374007073
36044802033
62485429313
162975729060
32911329263
59996385835
154596947419
128686298774
37961510077
164602878845
59327932394
188184415897
26390662010
192427225608
198889259564
192770198156
27198197190
24819931767
193234499744
132033779946
45084498358
111664538892
61001998036
16764386247
51798029707
135360936777
203514243653
106312600463
161647132064
139182970537
90796310918
2766233066
30570317204
135309519988
750463720
81041694749
163909723855
118016996985
62950085283
129875501666
134475199938
66867966228
156834700271
18953785897
150413909532
15887622053
48554463200
27170805322
45472117225
61605607804
2400318335
73160261854
122032037623
145224654406
43426150127
22533351026
122556659762
145692979932
42657940976
9583692425
214179287188
191894248105
91878361782
61940278640
91854653332
214770371587
101309196075
136224628284
106779615395
116367236061
192277638058
84676135687
207474753852
115806668462
161990194634
24334061485
132517950744
8011984168
113714156662
213233489211
29820055860
36221596849
121717587275
88671521150
209561204181
174468085878
174198867682
190593922638
35286718041
5673977083
119166143837
136566397604
76413910878
31441720124
104267329726
109840443128
84887541334
117138641481
88383870507
158324253812
206522397369
48022994851
169451976627
90920843282
108524152600
155758937571
61559043001
3744188146
98465766487
20607733072
202264806061
168243620923
3608201452
40683652112
44974309443
43440642315
169854735024
49430383761
149444828435
15908933199
108659180445
126737019235
143683249351
41136440266
189977582514
107326023593
156806915817
54326646572
190647628999
23737502710
150193628123
158885855381
210127595433
106894316180
6995599842
46427881000
169811101910
191563224574
69015197974
143804245717
139557135413
34382644966
191165655851
148678719947
91694612168
194901045706
177525130748
123670791273
28089138171
104212934878
183774875115
168924881552
95318416221
188035588937
113423749795
132266159081
203903439644
136379056977
185169148492
12943101516
117750273873
92618990257
72011135541
66740816559
83308914888
134657120125
87244128128
104018074701
42744838572
99899986685
209371137105
154933586017
161472438287
152723770756
123988401029
142886581349
12320463289
22133520598
58314049758
197021425017
130316132465
12424667440
135131070948
210310461961
85267863503
922117330
2063035761
136908854863
116693706461
88068825956
162197741730
86066113396
158424558246
36146222175
137589658690
48528292594
152939661398
165453878821
196206197705
195294518061
209157952488
92429801544
179992343167
83702070526
91818322863
64359207619
38148672081
90069004264
203849475066
84096741501
3709830150
163090526999
49572934558
104535781249
8084641494
187024795854
32136805207
45408684326
60570293659
12430459501
147739478166
105770501263
85159059293
138011436104
132563570791
206196295971
11977949060
104481093822
33432167959
31427984713
120544006709
84194145392
22663386479
65336795156
100417265792
78007505865
22170406513
176154175641
25484784144
84238225504
178099445952
58695320000
43070655372
176491943803
112117409077
122109325162
174708268168
36766154481
205375460601
142286665288
83961960208
35511550217
155476734259
157013908406
116572584450
95075454179
71677970055
22208863045
187293207357
38973761783
111042897980
88484009367
28907170630
189567374063
138423660791
39208584896
84545454762
59347339097
121045383125
45643903066
70795132120
20243086290
189949710912
107954468344
52751044187
189514346462
117860390030
148053587570
4535775436
126887350394
62160922283
17144085391
214853161980
140990072331
53548165707
61144483648
29655807141
176273744900
22800566070
108417220604
203499282315
25751518801
157889908763
142478223284
15628989181
48539104036
151992718575
60823602857
59006104987
43974591849
125174507738
207657975209
13366888354
156526698632
211515324718
111836694209
54840510220
12870873491
96539353537
51107604885
7047229347
135681473718
133240747786
73176183840
74552494487
210294219392
108000721932
113021660354
79277825893
123745558476
77201810310
66401709675
104248945039
63401382783
113978071204
19512049698
30040472595
73904907109
157350261843
104160742893
205323778143
210614194567
33048608628
92703351615
4142787328
210137692005
1211421701
36294195436
126451591806
103721076278
94996509655
50907626344
214948833055
199830951583
29725163061
179720585345
143425508255
191147817182
189485120034
84238510906
160410065756
136712268410
117026160345
155536472209
93597082179
67130255470
8739731771
145840343020
8021637533
14841709019
77608846337
172745939710
107439392903
104608270522
34633126399
30018812096
97934590894
170078244264
61208871870
43106761281
47641743039
81906200515
47394566760
132429808629
154518221011
68142957432
51831748752
167484139751
44424766033
99751690560
13733362914
25434565857
115306397793
59381905168
135447813087
209460350542
5027769752
110091210598
33289829190
93569084681
165223678366
142941982219
205797710949
18507790748
67753133940
91069290333
121929648978
112415159478
96835583282
24370460655
129108430097
119746438264
2186375875
154484042371
31653966592
74039867431
81950191614
185770980220
74556248928
88492796311
215867451281
36763350679
185911357686
187279864540
151664828971
155357213586
127981248830
70421270962
211988133619
187578363059
71411903864
67815463831
76630785106
116126907277
167367609354
202271237183
58848491755
133529092757
22555992007
197678733345
212905446269
36362243851
108777670810
145123922103
35463668217
120562261980
102899840577
212513870289
104719537818
72090150490
60639739337
49525931768
177731649762
22379297079
202540159718
32012715027
197562082401
212838833888
60028091880
190575869726
138477618364
120323937378
138167682850
6280559233
185667791507
118672241614
207231813082
134000260459
162654513296
68416752325
179186373144
208747597581
130463336815
211078817775
103047723241
150387847973
54994591428
106943601731
69961434859
198089506256
43697132342
50467729099
41398921230
144398638012
204105844814
116457412304
142264337259
94816522563
38844659824
89809876308
40307178080
154259819816
87100071799
133273577797
150431003609
120413881490
78901823453
44998014364
20851971881
205516053017
88697466002
207158886074
71317005320
73261270076
184307126584
70486774632
169125471975
57191026563
193422172656
42164369612
90148191838
188065219334
102277677200
142401309888
129150190637
56758864104
99699716381
171841808548
192754425331
63585373045
25369817545
209063747823
205395812634
69816227959
59188018548
17188319340
97633305195
173283088150
168437461337
207748248091
149133277585
45491720621
122130332324
86536917056
140647931569
202035372406
109780760260
214472506124
134740485409
158893916980
82242597119
35068985123
101684248361
36598402132
93985710802
139426880015
148258110933
137294683915
176024756007
74457019618
68328762188
30049999373
81092124029
17936206863
18777971591
213298585273
178242990887
186788467328
59311940652
122630546811
61978951457
151766279371
66577422803
190560692930
52638317610
132046485177
15962537856
32956010447
147635213779
149063100861
140056912880
168252829047
105275213777
215053614127
100109883307
191520965550
10895879838
11563876559
108464752275
46193730773
126712196962
127980082162
97481362747
97484536212
20736909490
178871419274
202098542823
15907054431
76172750981
206823226756
3493455495
71941437609
131646482935
3770954075
128755609052
202030134524
98117560114
170254376959
82266046833
71440157195
207165170131
11511767311
11629213667
20459217207
185389305539
98211017560
98311997339
36212216004
174431535837
91023766578
130574104636
147490844761
196175714836
127497954636
166664452691
24055112146
132209071233
46704948487
113518062899
157298498657
168872523210
35236610522
142635875530
47982254553
109743534471
82183178782
86070200705
182438343506
208691138905
131096224097
15187479975
106594110142
123323279336
188797352938
110470891667
118235285794
62554397395
195050519723
195096531382
205043559538
135420750211
120201450285
113004014604
40003570983
20867670017
200749704599
194401590206
64713585700
212722631808
109332683534
21800307136
174466777089
175562155268
121089796106
33263014602
208394682581
14033430724
69035725050
187616889313
54346267526
87080168841
179927119870
133711214633
24062017008
48532758885
80171082093
109579379437
177577586989
55193974300
204899679861
181987145348
193210864117
108153322430
75845724055
76748066106
146498393631
154405344786
94951262147
16944696726
100938515106
85981893766
149830733230
52907239573
101099855214
156571052853
64957604684
30898064205
178276405804
159567027533
76928990235
139742812012
50696980094
196493965120
46950710784
95792429674
3872822938
84177526577
122407618578
214376029065
23409210911
6631113409
69570674111
9960060344
99131928355
117678833640
78522642236
4058719798
759410203
118080977036
106650491134
1906262619
130562640868
59401303837
63000878263
123466788059
73593793034
181177112589
42728176929
102538254452
161075684000
170398115647
168111326309
15122315876
47579984067
120571973260
182946844850
69912383865
43798878304
161876305041
21392572982
58903774764
73259331204
77677736438
190779930591
207459500288
91078342778
197657319107
89601729620
16743043193
146995649753
206569712227
9294640257
207900937457
171709154453
197756156844
137435201817
15423461916
143211208078
76289906655
168006055961
72289378547
140927321911
116977624093
86868198952
188799225481
51410305728
129627532409
96046048065
15773668027
51929367702
5664805370
158005179062
4477838916
1614624746
209770909319
61164389694
113455112352
40154004262
80824464696
131528701102
7966874539
147826752687
180126431745
7855208881
73197577392
176470056852
206460731625
133258307400
132391096583
124163474394
105312558948
136102852765
37810286186
185633798351
207883575348
64912631359
52636540961
86696331747
163792350171
46978180084
126145249765
149355313453
58650136081
24132780406
180160455247
152163101565
155404535372
169461922831
177044116638
169752771022
146616431377
97844463594
70307937074
193717539967
69514740310
66368400461
97377843339
162266420704
179221323967
161944919075
108201996844
58798294070
88469578321
181336942546
124897198875
5828344522
4631963065
83916078149
186493207227
130857833239
42202011768
104320831242
159989687090
90687657504
212819820257
134039252467
137466336
130620826166
201131237051
168879530801
74035975001
50837703372
66922612595
55155781757
132657116990
29878793590
60824080864
195403025194
100017753437
120232517342
153262414435
169772573709
196502570186
64173293052
139920513916
185739590766
186274192739
183391061862
81495094977
165406975310
121452117826
67049554463
26092357679
67179860712
41442802789
36635276427
11611510004
36719676182
149544176084
7816809960
59000736961
205884455224
116467520583
193934040771
160631157970
182080751319
102557307920
174254531287
104798906498
61355750682
9759527923
176592551457
195228814156
194107280951
90015855365
178560333893
70665780511
140613630351
30608913792
43366800726
100992914156
168264574798
161351264635
130596975721
134573739769
171268404356
96447052733
187683934686
167170846002
70675914509
211419966890
105091226537
122883188304
41625087720
21126040372
180936336847
205148026905
95097421911
199846536324
15874343567
71673804159
198755194262
3078901675
41575012922
155207540271
188271116641
163208755687
172810047954
136157963548
102261861372
82350330571
4373046728
38308786207
116312678034
56273337920
97054395484
188525807512
165258419471
120244019282
179774696513
190803438667
187231233649
134566912259
91785103934
152766273736
146571328057
156879278547
191204989052
172044054711
32711614335
196719329189
36488319676
168505897427
38648506316
94618178617
80698873741
46138173078
194298010114
31355254462
94384270846
60286682282
126894436424
53530682698
127409250856
190908659000
91645927385
38089986189
73951545597
18185891857
149981674420
91785230383
168121428279
200812622616
148056295553
195665364997
139148063395
43887415595
1571703317
60528125565
7159194864
152037385494
147580161923
130808573299
133622402981
102776886526
154572963622
49801434473
111994590927
54603919037
56243836044
205364493838
104342994957
12145322770
35666263876
50919022517
129342015636
173944725002
66163241348
202298950314
17786899184
100596949118
121753640870
118143590554
100482345316
210490242051
162319573652
116816573692
177479671538
147420967437
137044769339
189691374763
78088806639
67449068260
36656252244
6203667699
129032901072
22704511605
17397091951
118309390347
161288384818
143352018515
66835532788
48414672524
4125531091
71522286808
12542569625
69178403296
40441464491
8600161884
54516273447
192575867321
12188331039
151256831831
24731521309
168256691567
112383292311
82325961998
77567583299
119720106438
75349794293
164211280298
83645361971
84456466646
182205433112
163356719139
205199097658
90168787084
215487378565
167225619692
12246879822
152218078568
34953510800
198398088511
156709125021
42199397356
120824395927
38145625217
48282754881
137336666503
164650667620
63717708083
164125579198
106736081082
60524575353
133012988556
96246612996
164371059698
203098879476
134635733748
3340863120
104488642952
177021254423
42201039061
125251998078
28609464360
146222557222
167057103609
155202355495
16809721759
58003238207
47210121334
123087980321
31692043236
28031462598
153069273936
37855336939
172058717820
67558240959
145710222677
202978354071
108298326268
208561924910
78626539139
127512800408
165821509677
72794373833
120035531122
25872262566
39401338611
190999740061
212343687194
181040010214
199057334087
128758799656
21039262922
178783456168
51992195824
18080783677
138103331408
154154776001
201725955768
183381577619
177855172380
58277460981
143836929062
112173271939
99176267490
93498190359
37671563913
73674922797
210170821812
93593572155
116454956418
114063976365
181595967265
88774742760
69908934901
106872430619
181408318143
163686602022
8028491269
175560095500
199152711486
42647999207
214332724697
109391885355
150875028943
12283343194
208873219324
183932197032
207272224946
80377772434
35837742824
94493372420
43150729934
151721035561
91986917338
73850343012
169522727924
16924602766
40214677154
2587094033
105293130213
68139730878
202286393494
190922606658
10426695551
155600999587
133299443030
177438949420
85001079342
141923406669
11024905274
117497944851
200654879
71969391729
156364781778
196711653711
86798475321
43763508105
126391546580
125319943205
197792246843
96421767132
83820381343
85009826521
160057902081
127513001049
43438205600
168876457206
105278697852
209668202922
120114022909
170451445185
120315345487
102918564634
44689807367
60776323478
60636591486
163674363802
663814114
130436972037
20391971270
43354038915
152239451381
190175841357
50977197778
126991413784
128859234495
86710166316
70252894891
10314724914
183468955092
25174704902
77051834438
67297548492
172705617097
185178304392
108789409789
106360206463
159999714427
92125181566
51110049501
120638928721
176475603002
91520840522
27762176480
210458323663
65296545319
20615080804
117571981540
53025659760
210186731445
124107423497
167546296822
52021755809
63043886965
120418099004
110817843389
127801784267
170533969413
29647963774
157452551876
196519349315
196241200667
31257485414
9440431940
95717567535
56295362093
169368601657
114451848035
24612757382
48836939607
136584390450
54903277084
87650453248
20752512950
173932791879
75690993559
36901633857
135685532395
52848451907
190226113122
205953216101
138034178513
194832984676
195264794954
85242234270
100547272106
212709538321
125899162899
57465245223
15219269856
160634940802
3885824265
86964049313
26347607933
131418332252
142053985564
126136026920
204714638866
199326526316
195465287793
157117360922
146381448256
77636270779
139146003921
7664319841
97199811394
209601311397
81140701921
118762822407
162844082538
133817262427
89399232708
11430006936
197273192762
98874940518
79363923473
111905323448
133289102424
93302408184
57812476580
166610813328
73822109404
54737842790
202151704503
195576567251
183142651365
29976096642
135054012145
6660835159
155046517002
64045069679
134108211443
189078020927
82758538916
96161154065
6028130671
188259723980
56468877157
128648139594
18100109153
3533069208
169213104950
61421812682
14698012776
24542683919
110322697647
209287895873
28056638337
37684760162
19634800065
28924021395
76434342980
101734713248
112100530969
142053186138
140625328058
113853747316
91493577801
87544745043
160897424885
3529962191
167701892045
188091349942
18570307814
116571053599
34967243317
123551683305
153606360033
63629997942
69826858636
16448687074
132264107893
171944915887
82283856661
121969492402
56055911916
133773590755
52015579431
6775524980
111065322267
153530050710
10566494642
64520984013
7743357659
51021283677
42619045605
76804446225
134011734869
132900700013
72568639488
121680970427
57668868779
203680632203
178897125659
52804840132
20801594764
50624587937
204414240086
179250895475
32377652803
176308903632
174034656093
138271104311
164506595503
199459098942
165361176738
131931434768
132358064425
147829311479
49427084744
90338130617
132727723485
79978323754
192175987969
171166787532
197875920113
168290244472
48950809511
57456122372
189191557379
48088684846
130822027795
182437883682
70371729290
22860498518
137657702232
143136880671
114098914984
61129087949
193932072424
74152569386
7874333898
187463074206
42789731391
116702133371
71410288140
55813380867
14254821659
129755496388
160945577355
3302401340
196620127964
17033879400
20213554802
75796666908
107213689434
195379834077
95621632641
164777716278
160427897365
13382696372
162939340384
160393077432
89734186788
8643941653
135605305457
82045220691
9288014458
29293883369
180872514030
167140362145
171431045162
107379990641
131287933352
4728420884
160447965414
204366266495
137266930213
90364902853
102680135003
187733464618
214937886906
186369115748
113476724145
159316496031
34535428603
185154955599
88497917948
9639888599
28149986187
206778021664
183350239921
67201389770
9034945285
11623047329
24813634382
19445583482
97244608493
40388239326
89241787000
215459442554
187466223495
162792729704
83593243492
111922774969
152495502365
161427275342
79848170304
37842684166
199101079663
130888608529
98215241842
127096199108
127425143191
2256207585
65676382704
17959870630
42514649750
146933014438
100447559378
175744372230
211962750744
78576736297
162458870860
13737536953
153143683018
199046490474
159581189038
41262876775
2336224172
156364075087
98037389570
161411442705
171839504296
18415170508
198886993567
85632972433
88526590086
156154017224
171209610974
117781145305
53658963598
142770273462
111230407637
107490308529
164473027982
3498916574
189866488845
192285937634
17836246352
102624992075
53148300001
204466940819
151862267173
193386447131
58265008509
112527616131
90087009752
51579398065
168403222244
111033064557
206484278632
163041819396
76728918938
74029514410
38420529788
105914337126
129598137961
182066229458
168407391856
184068884098
66139271450
166236772125
103948990425
51182524629
14117803961
171169498691
120528471716
43158000405
12014599870
31968099110
83918080065
137023466794
7081818653
186442350001
182804568700
17004378839
211938191052
62728362059
161983931674
29944495697
110300478409
50480754267
192828429802
95356527890
24271541649
207547765563
55103049120
72066190691
96376072589
207416603732
84031224089
30558582028
83505116400
209053252160
60534218629
98647373163
140135323841
194772292546
54887360328
175577082687
116555798861
427686733
62644783453
206745294213
40333440888
18508596620
207945035548
93490547250
199494948445
17245635572
87968438800
38790145295
157114683306
141855965973
48152559483
159072902131
108429608548
181494307044
208293341558
149700692590
105690683796
75100160929
188599148191
14095095628
107140103369
70267010323
25549676109
178281568909
156172351880
67773768211
183686758742
59761734151
68691082455
175663083870
89695947719
142115522698
80570261423
56348603229
188779691295
129822804466
123323646680
94274672045
32978438706
86683982704
158156637741
31395989261
75929963473
42292448165
84771651867
107031016064
172946773392
143842104044
179489238870
104043800176
132117318164
9703940430
162790882905
193888811645
174112776889
143143481700
194191483057
109081977280
42622187525
144562829769
207690068929
44203209279
74876158940
139713007699
151633271596
180719708268
161017174697
37494322252
48046123787
31473442830
12218933627
159492639126
121214155743
110242641280
170632483552
194743937937
186513033478
32176873053
77468450982
6806270096
59404638950
72988369043
40965188658
19461760866
5327602154
41406372304
17936859439
121151720916
111441146939
150907885657
114421000758
181931741508
23465627392
208727172193
45886892740
166878218500
81660477720
79053151331
195823117697
195221440468
145230892348
20176229330
29549515836
104073340394
38841227095
42643775012
37982244735
73453046971
67761742205
174435123153
37040529510
125198287571
146307682374
63721060860
117542722873
106584167590
36565553869
101629173028
15913601575
160148842859
3634701937
125023269158
106516555322
63717350917
141723529987
24602736533
2866704344
36161744884
92954072848
193284102766
55067091601
31283606598
108609383451
163982213633
78238082468
97028491033
171398613362
94398937445
153660224588
202360145400
165108249233
131610706424
148939624643
133784657066
70678969266
214979467698
59290648088
27471536716
98798768252
185202027343
204459539990
138495357839
120307920680
194879627194
203899976169
52183257061
59120616244
73663918566
156046820081
120478648421
61884649957
140828874268
103210679482
165968994025
138769326242
35892908207
203194149096
74345648072
27962067503
196077487489
108476924975
95964250540
153068079967
130584934656
76606806681
19282822466
107347412236
177297582979
142579922189
47142737618
143033486234
497578410
186161708338
107111371582
186325010598
37823999620
154497902179
113151034976
88431515815
66959511137
75106087928
65550535244
146309633355
85492089232
156763072493
65328122622
200370908357
97140534526
9608052422
19519725655
121052856191
65177642646
23693867530
34368277950
171115538693
104561669083
69383577531
177378041534
112577064081
210689279239
187363893627
107363041401
19178301593
68546981262
2329877285
20323140169
64685973718
72119537097
33928788269
80825112544
210225308917
99107078258
41958650380
74884318341
130164342005
181046961585
70612551546
181328970630
142376462117
141302610506
167442476861
48168891352
73365352198
10662748473
25466124543
160258669238
78902849588
38343953808
15783265072
107692516164
80157382987
6393346126
63100775626
25054460313
139306714717
31872376607
77425151408
170707725803
59051358795
188727808404
192927404148
133178396331
84008156788
53103865897
153640227536
13633586224
192691804012
63225845564
18161809685
43323117706
16836854633
116800838199
149908159014
137121878716
146269406297
149744531645
78873282992
159879837003
70438327148
214789891962
32537414119
47946877921
123588919934
69502538714
58148956618
52689107107
86913473861
168808847961
96914596666
198989973467
5598664993
164551048740
9520571555
70871047610
151417200318
87202995086
166146190753
66210327049
100478608905
92055026799
117495720253
26781967971
90149736501
135202758235
70631919605
204929543082
208382592229
65564438853
63238063103
108935498926
71635798930
165049396785
152248301643
195770748989
92973318722
14019292363
81344374974
48189484694
39228517325
173704981332
196816129047
3601724069
42832421704
182074796055
209425717758
116339256125
87420056194
165649960787
12986366709
59716008163
160855552134
188161379728
54776383191
86032664781
208405927625
187482317565
167387815603
69054452224
79751622502
23873599923
37098416538
87749933772
177888643507
48386905855
164187055450
200558614519
151453063832
75118599426
165090925450
105142602791
88425248173
116552924333
212690163425
64527716069
146347266423
144434476274
84311317190
116131733853
30637210005
70660492399
92111565657
196191382534
191915239933
198502311975
89692858718
85471917681
179948915355
148081221018
115306413601
54296680594
97656526174
40744422938
104754114754
70954380884
171390564619
47693196173
214913975518
27550577689
17263980290
24765546723
98397269414
109579068407
191143212214
40084348509
205234138642
144392295150
140340837137
62086607761
188278696926
54466434600
75287825918
153084966054
143120381747
125964217407
211865609311
113533485038
198642560185
206472772555
158054945061
21921446085
60202725164
86227276918
132563358442
40220859608
99863390955
148296781398
161175779648
167362296080
149934696527
201994592453
120979789587
110462267522
164205680625
18771519026
52330670756
96271101917
62250087563
193451616812
5747633074
183905884450
184044181067
195134492091
75395704952
5521194117
117084129296
209135150221
127309404371
165133488434
66911381045
195526215511
8738666980
117539349354
154287897039
197478548043
145856086806
29043366207
138380252096
32481574304
148879903934
132760691994
113432748672
36580856712
106512517034
67434795296
117686603822
156720855809
26327438233
48010651603
81330368435
5128752664
32188018645
205429641843
98371734957
65484650894
156374707829
15721041485
155586088360
115864534824
67671417785
197299850758
137984674398
48277256788
181721730822
7863092098
208562444259
49616563672
82821504625
61048950207
55768153825
136028983175
127469995027
83655820507
599266293
167932352004
49812358991
65608622431
45410307197
180304224992
47424710830
101398910407
16476564609
29300272244
38152716874
100382394490
130840831388
169564506323
111707165530
131751747657
42418480138
180965479082
26341352825
107164066756
72661564599
136324893070
117261088715
55755509253
140875114102
138724148548
148807387349
146357558761
181970718188
142768167955
3177879854
8252970351
84213456598
20712128866
62092190462
147617302516
162713063913
60235801893
2223024372
20362239610
76783488594
53555487018
131183447495
117927371631
143812039857
47094585812
96104365390
198390515595
67386073561
15049941789
214325927298
200979659437
188371865928
143931791378
190915955157
46125948505
190264704547
164964517035
32605199385
69245229826
18725178652
120946565805
8133615324
171664015227
32413045784
176949823599
23819729039
80978085947
98363605176
96432996902
14083281498
105792648780
56870128614
147666778511
36357207744
74426349137
149426795613
57456043686
198952365472
189351295126
31346232408
35672263012
41688502464
21749287384
189718290216
70144992410
11375784405
87195588015
61466258628
7482357663
198612031217
175833001779
22734456037
3077635179
1207800833
52722025194
9271397256
195116836347
179858292851
131624540779
67073184618
209219253753
117958216591
91508100387
139959868181
14358811008
189101540651
7368782562
196222279833
180866271361
105586364443
101610900766
125158562461
73763991972
207214201970
57713681566
40106564947
134075123706
164423374541
38662663964
192089165390
75829687444
170760872190
209269015953
187608698991
119530630139
191386860561
180843709133
117038687002
57244123227
22538572460
13917761112
197085533194
200252135384
2893424726
188118544375
23463945733
77998310939
81082349945
50131001209
161860749950
203277757941
184893737871
96667465961
64988015630
1149967497
55419543902
185100557127
112288383707
208785613727
78580340675
195453687883
164290197565
124004756044
200565667089
182648457254
135597585413
102759022174
204473700007
316172773
98188562643
88451506919
140310396556
83108336153
200119716211
60582571311
79683139151
118919803739
102578873222
104776429977
119528477132
22752738981
51003564362
120151780116
104873507386
138563180542
132610436908
