420982
134761156809
183740732059
145504832135
187426458176
76064626253
102498950141
68895883851
150354374168
54154331698
24117013333
81678917653
158564817585
50328609419
204746674961
104918125495
64479706800
127862389291
67908527718
209344740053
154175419478
108386070641
152434606671
85993401406
153308220016
139260870422
193053259591
82523201876
166244334419
191259394834
194716082235
146817624189
103810815383
127908630672
96284969633
140839818267
137671735728
189279413129
119757429376
51758176486
172914462090
96950853181
125307586756
112274212383
197170452044
187173718796
49858080074
162257655496
168667734449
140458996767
192764008129
90030982820
112248983569
40381091027
85165701413
94790559517
17228150861
186406157252
179997746237
25562639926
212636111944
12267095037
5455372781
5454815237
11567730061
158930044808
214812104477
82247144706
197058131010
58343855537
57130221641
10411286215
104597247158
119247226498
111091160697
59014137132
77685462985
158072578391
8723822894
210756967782
36938405066
179690482291
146335221027
143396834160
80613742502
130501971653
122134801879
177916852700
141208236518
84913250507
77322698909
185072937456
76950402886
104851408018
74015841028
202596899015
101447589919
125307574656
64822609102
141379846329
145900187535
120511075901
179002995713
124517024133
174752240486
110058165687
78271249808
125293051014
50280939747
174473605768
107833499136
4036717644
124719251846
82544346192
95460633010
33741268562
165600832797
98513014135
214105856479
159664706247
16684374617
151097868062
92387383093
120771782803
151278174770
161389237480
62202038938
92573774159
210447675533
187130805675
89230738729
80537416298
96256987760
148779228981
29550574806
109587913820
157004735937
111708730999
215569467501
91482398300
184112222657
85831056157
144086604928
31367760648
77926956687
123050326573
108071671042
193105738912
34955854991
144265273049
11410909304
74793656052
74852440811
42450102240
49402294256
171936108649
114558875719
19055496465
79314640635
23937122425
58995638233
73286033424
80753222872
15049034583
22097462933
125655390761
207704525606
57415709318
12680109962
52054095838
18044468916
144870486960
103850898244
34141496317
58309736419
197406728434
125878805021
213526632293
16992662086
134003423202
18685267220
56928971890
71981534778
195766153820
61648144374
161014073804
179304471183
117362853406
11559219788
132588418682
163660197140
208507683890
707873443
149459460194
17248207575
61778612023
13183924239
70700298699
214964422926
60340897052
194568018424
28520177383
14973243146
205691842189
79433100960
148819818565
48096770185
184347878819
91742508494
112838992923
83959754629
148368586404
17087401039
82746405210
212322729757
168674515216
126166145205
27436310579
111160703292
86783605529
2681883792
214793163723
195897157210
141654349372
183086715598
210538073004
164870230517
115631848305
119637724912
205614649871
101276163257
191124426062
33383805172
126619885459
180761009846
112879514203
138453330685
93363508469
109565340611
56648649062
32685673318
37284063180
5459768237
62667930403
173026662912
38345728284
190158668394
98642040003
102255320873
46770908445
88630042150
19157936058
50456388613
58406972499
147644288881
145820868899
86396625887
93288950163
188182368660
8158731318
33903338151
63255606915
8309375625
161418892110
207653775630
180865265420
36281084416
97423857874
155857964598
201182421863
170610777205
20635963043
382212115
101162922847
28596771542
64364041529
24704339423
167241036778
74835583300
67298143126
39233053435
19893408770
111471563069
193518651312
82601667067
76390696931
212324292595
114137597796
160452603450
61028178596
157199986298
34521424117
199406889990
56176531088
154033982592
23695149431
122863287952
122931600040
181601187262
136927470368
65154910079
114875888411
89333954304
81287082884
123184346844
61302442134
76380495925
65076950973
154501065428
163473399372
63344378101
73015478536
142683806493
124706532449
86333724840
151693504006
85283783951
58623074344
159169144450
125735338588
40530452557
51528788282
15034165225
207797109678
21064225884
118654724532
191686643858
5164303759
181594720944
198784389653
135989766399
3168228958
117821540502
95632104340
193505590540
24979362862
52112490757
85725225431
77347465261
73560105920
169105890279
154125461027
59157122694
167100408457
3386468034
1061322133
136722322350
83248011503
129674352753
107460764240
100889259692
68149219498
127630591210
184956467310
153861919963
209838876080
40161551083
52058783124
101601667624
81940543609
73444300284
146942800561
52034054725
152791663369
74299101663
87491516871
96450902941
10355194509
24007901493
129090173397
129413463857
143633389315
32846885164
145788488159
177009788366
207634445468
89138045131
80253715513
30872387240
115574744160
180840533141
137909859317
125633510542
124734304051
66604649864
144699937287
108133564654
194112978752
115831000842
92469430189
56430453041
149735422522
152751550935
24825442640
133607546952
83814365
213883240515
140984281093
137692891128
58399423502
75012099814
172322394047
14428480797
89312554068
201092333361
140399065781
103900159501
166770497083
90072691692
130261420968
114824596869
12935489663
21292047470
124383000078
122776278695
177391444756
192841184791
45305417098
1552150955
204262151013
168793460159
6319892964
17070470273
152788444260
79094585096
70656013213
160347376052
156107298502
53692668066
153040809367
176233399977
26926380405
198930971489
92020717189
214617029372
89443717973
133380101669
80744400949
161394573932
110811773915
76223219410
111714444893
73719735146
186982870131
3096579792
93451441024
2961973247
168155846089
167197536419
162188406802
69787404616
192710519852
57729383899
145089919038
78073681134
1673802287
157172811460
40787942915
115990433731
7488949819
205953923512
17659752438
163643817186
207455736082
186284150958
18122139924
179279823464
15818878684
134845210031
112679958072
195546742465
114023098400
36403580758
48661555315
164128134082
179906406440
118132672736
14467520310
24938975876
168178201654
51944940750
193201185432
147456138230
175668368397
199608208180
211885087037
44975905498
7576939911
138749288849
158943095270
186258417923
24643992676
141655947885
181119922930
201861272556
65737685583
126464218935
45191747671
146456056536
138249818851
33669986037
169188437015
52453630718
21261904978
67873391497
208758919342
99976220445
129636821067
132363197162
28090821997
97151588553
72253281089
90168790315
18664100872
64265512836
5302257824
158510129341
164161854281
74187648713
213303696515
200714251116
160461762867
18926551584
175459031844
161732395015
214656425511
198105849380
91038959588
93484364043
70765041360
191678065779
122116628452
3757467229
92531975075
35868737729
34579227503
198312965152
59543946587
119762510087
177110778584
2975598958
53403143679
170726459
61258078604
187218231352
65225327218
173432595921
108719891920
27030052351
165065042485
137648042957
11034379641
172982563117
95196031572
104352127249
68715185706
30839082419
205741634610
65265043027
291158467
188036385547
67321871800
171833907230
100504782204
143140091007
88738191008
7341142762
143199626523
37973829422
17695872165
57917748024
131529186682
213478528760
80626737351
97820532949
96035341983
3819248484
212734622541
112915177209
130377995771
122637260083
73365814263
155721412436
120533798222
199038201976
69032269804
62727900222
114705906530
110865121213
72681518201
90455616275
174495457357
23130956705
64288983970
162416452791
100629450050
53374693098
202181546172
11015959402
15790634948
71950061363
38610319722
74532628098
7619224550
47844448940
90411297717
2206363815
191039206410
166470772952
81982071686
33200080701
152175636924
128500647546
63578407989
99675101830
51126536313
180990885725
46376245865
7100728475
79887132252
38364865814
82172245257
21766224037
151826303771
211617819424
179167807308
177557296202
170776146278
154392521738
98581427356
141619829272
197280801428
181914883542
147199929484
103013335470
179790316702
123849517821
154249366100
102214239835
177607992681
28802714108
21576932466
23881658384
100121211880
59276880307
49930885029
112265382663
122238145010
116417035061
11663496778
77765298229
11977369804
112123755706
61603868012
103827579426
113681944900
92043237297
11689147370
62270832519
185484534015
197272120352
162371234544
174573164767
115656656808
176938505714
132521648454
162308816367
85957420888
32329929264
132060577832
162944150915
128268888246
158523949226
29737514875
61465869279
74271112261
180271173036
88292939871
75957953362
113127878385
81293766745
204472988463
202134408001
73557551539
109173122742
16546011067
193316867324
165009805333
90111917816
83172394830
186104655492
154222846356
19957046436
77656792922
56993082113
213991122011
119411193426
182797942420
23851985687
191376836932
86160831009
55390915828
213803867623
49084897966
55153805439
167909767284
122612494288
32501460868
74467446680
8284604644
140818016330
184644842383
98593984706
93263873197
42945834210
126425881415
119301251972
166810754206
28076211976
61824333217
150087880825
18862792942
8199464606
70816762742
89516219642
177522780458
194503623091
190065815156
84662299861
127515716659
101646290618
45637067406
49685813871
122916932507
43963547925
212982340567
116846921535
46134757561
93078182149
173541573651
123304458087
97471333074
36364997576
199733136474
68304695075
87376316869
211710530394
165591498112
113668136442
79278820516
17554500070
111173233168
22695173295
181457795311
161089103803
38449587933
183120965622
59209634570
198668422481
141003222131
6894328684
13043045599
123448094936
213466301009
983181969
6064450251
172318502075
6856574989
213519374700
4079330663
9425060417
76736609887
210703786388
137331873222
89614689937
2932022952
72579906269
213963419016
4420159205
140314428386
113644480069
215072330662
180870337099
50914960955
1742713698
155968165636
36191743448
150163877488
179373926419
13486064682
188522011502
26484903486
7039721375
146035737631
165150095732
174532673483
1285664530
198365009488
96844601329
91128112314
199077573360
169016261990
180029341897
157436006176
181791811100
48532361127
41303437086
82479735938
65383648831
116108565698
113165271051
129389077864
42084473314
196244595086
92353533330
166043918399
38583786410
6507236363
189155010728
157658485258
164232094297
152059485937
204207313325
70323011891
190210914426
81572465678
134420491644
92304412643
27606047875
123399975313
187643512104
56427111722
6758236472
142623569637
36962734338
144103827060
40712119068
26590036157
58214795386
35517081896
163720446207
192599331017
101216481192
53143168067
136045238289
160840649035
97917467802
80182467455
71663959512
4638879180
92542662632
500336423
83854215401
190721232766
58829097294
106050003511
163264478117
200359611892
205060055469
39262391499
88149899269
52070481797
146150616913
89295628130
178538976904
87374321430
93379794334
8469598428
204410300468
59512571570
40041497715
61899012635
145734865401
55786548498
136875490964
104340129938
94945170992
55274464921
192745325374
192367896206
6809054844
101000462851
116337690068
161656618549
181729421614
147696944414
39757724904
210847540182
798445171
55318114059
166791870792
140515285426
115209789381
109322871181
139491026691
123050501532
88862344708
139257713428
200642369975
102105459794
95074785491
199588381661
133281123719
48007956670
48449935858
26533269731
120827163872
135121020258
13159260558
32691847274
195674071733
46226223579
194486790983
95987972279
108032084793
31589624753
158894416299
184596264646
118037047208
108799676695
107378927795
209363166898
160526068916
125336955209
178034669873
1947103740
71112088037
191035576173
56687514749
208090959966
55103012463
199907348214
104918782445
113864219075
4860805007
197461268538
53083534173
23215891151
97656506750
2316724669
159944187610
48379872755
10457384646
154145230258
214946496634
161252719827
130204470884
195625790092
81431900856
123013768695
53893437035
48164227226
44965528036
185004004748
152949363355
25072264994
196218731860
75536994127
166672884513
208069214168
178658975372
144619485346
90533386271
160894915257
208127169443
203822074283
93462739865
149687830053
493103806
168257364387
37589463687
5522181490
9338010231
70513720743
146861631295
164555915726
120323201395
183749563698
133233716291
89836681665
178015052066
162170481318
134644432320
120610814102
128069716083
134346760728
177017683316
4453606171
79044256198
125136568707
210471541617
170307136760
81451857992
73661546974
206472324343
78541051293
183627853256
23797929859
167571167507
40118066877
150076141873
86000756569
43762765984
154016965081
191109529759
183756577038
158968044855
186937813588
79883719402
212885402601
80566098235
63829376068
39182518504
128322157553
22586857543
214716568427
31344365535
214526900747
190283733855
127887336070
184623942325
140051878882
51620712532
19236121
132841848546
151433747252
21369885918
119685605814
22754332369
59647941462
39313757506
39449412796
174471275915
103556810303
194392561405
211234399148
654777989
211560876702
79669372075
67838495439
10046280873
204713992702
138940212566
148324562141
172183899062
140569255038
18212794739
213613169342
133452648442
190709364905
117748520786
30627554267
82921528132
215112998581
68391012850
202534264582
63087314643
90003348163
47719636982
178767190898
41825772753
59279217091
125717183016
193436974480
154563626342
202621809469
31173965010
3175701163
157561175110
144131466721
60012474319
200468415883
164365530883
41066454489
196916311720
30604711277
154484867960
38926928506
202522698461
17990952180
23144568802
143280192382
117881147869
186179307117
7435350714
169248330792
103766655933
64874965225
51370861918
159587932425
106747645731
109074015589
210279897243
145107465124
17117223810
35312942556
157266835647
160201562066
196613278020
174598555305
64507441475
32862200957
124613013818
75398807563
83345899058
128028136637
155274425276
201883976073
783989702
37307810196
137082100923
100333670399
118162461746
149270690554
146212730297
208792328592
90772864057
5541992696
121384715536
205426803343
17648129870
16830401129
112947378309
106176709516
86777324106
14692439469
82589632422
128869051601
133454017028
89049233847
47947624468
31380035064
98900513389
79210791820
7102823889
154091938510
8371616601
188322711002
98907293704
125578779245
117934809360
35624122431
62904951205
117822335338
192539124448
13620048011
211261042318
68525440154
65967164266
119394176439
192976698106
42777721703
192421283828
152675246015
77173728231
38886079104
45158495939
89641493638
87709295110
106459791981
166538891731
213470605952
173200209068
22054543348
182305675036
148721157491
113491218080
137001988063
160651769691
208943955788
214733004513
2787845658
173340878826
40808017615
108956312096
198355834962
72473003976
51993705373
12281361667
202947199202
47420306528
55115811555
69665185617
215707028289
162072359112
5203662196
105479376431
145564703990
93466464740
115733469740
117798800980
34172845618
89128206260
173506072823
204946576582
203769193903
24131872174
176645688575
163575802722
78041175326
23436043370
115822029923
162829662445
171907383811
14536720996
96559704028
166672213985
168243024835
169656646132
205446002593
81542870103
188059053487
205589912960
160111393584
38926402213
148967434654
211572641201
96326963628
51852102407
81530161243
66880421467
81025556157
177861129748
185578780212
18532549655
25045067239
139183749776
52494252921
102382289783
79242308217
136073940758
211769253863
77602690385
149072004479
77311229627
95307324029
194888829708
156127835674
51829205350
131902928923
127209985683
17977094001
54101163507
64131278111
75490946302
56062042928
15482315237
54670655596
19038240774
71420714108
8294601378
27376369664
169350736752
141756433605
64756961214
88906336107
8954621891
37544610605
196378059008
157733293240
190415207779
60517842849
163619487652
37971848428
134833708820
31461784078
100092268609
189777215996
105797491889
75065902729
200843301040
3942144803
40070131401
40918870216
12599121365
56463500964
128761182659
18224868947
147366362490
159446565781
147143327808
147600099180
42433525415
190965358189
121426585154
75908376728
32859307206
116200061794
60940037824
126353269169
117904622301
148507740841
160236032321
108131493896
15188471865
181711296275
187738866327
176337881010
119800769444
16046826879
26223589154
15710321255
128464452798
23432121310
198028575387
102631885023
87116536507
41570830965
166580977628
37381630315
201334173046
173558062382
97131043961
137239054234
116044796976
169040593855
62394979581
4924164664
9395913885
215745123200
101250047807
144485395677
15905249000
6056097453
12600640809
161226560825
201247516722
4081854915
111192140654
161032572096
111006484091
215244942670
85938943593
52623657842
84445276565
3542771547
200526173166
112182888991
82209296753
182708943900
98557096756
50424391979
68722503581
144156042621
213663083457
3236304020
33915380730
137597761971
199366282961
129897957624
190029050090
4792172341
173801363134
185829222953
162846641127
37657257560
93937401317
28939233778
61134042427
132125190531
99589976618
9249463819
43327871468
15444724390
36049263877
3174934632
168972549639
26098541381
198189868526
189165810802
36952959172
209695417911
31344342076
147258379880
100707607581
65325358879
78402999465
127686444304
118449885346
108653801086
135243112865
89830194003
105107027148
93825742929
71630279859
192149941056
52973374844
67242112904
15848165562
70036574074
37265721975
122513790119
90845999599
115258676032
32039550212
153771024869
134608909235
56413071852
109002169162
73728337784
65843055716
97031726954
24189573427
92859385364
198534654997
203170547020
64381293989
188388968374
9533088297
69530648001
158859562288
17148133386
22923233427
5777293184
103179291898
8594478716
133871472503
102398760391
67630082050
78992509896
37362436201
130296324568
190072644766
109466363553
187459328481
164661423393
187857198337
29939337426
139986458755
17867989890
204189485355
72879607398
152143520321
23392152573
39784100038
12432237092
18783492445
4363411604
199779738334
175027261416
116990235917
174140689778
46646978222
28394188106
34803617021
17334980371
161083141637
198396815256
65795820266
92574753786
151361096345
22564515740
204072255626
113796574608
196640612299
52019828989
90736889415
199957133014
61281691647
34467553777
214826636444
82927012050
155994127393
4197270960
185843070071
59998293613
26407527016
80876975436
85840019194
9330549995
64888987597
156821755472
1609545845
192763651505
78381976557
209265555753
188164816488
210445063318
65596097328
31886831953
139746174849
199412012694
200279890433
94974841373
55379388523
75895963571
165830783874
127592447774
97018759236
78476268341
31365445229
121520844174
9115825681
12607019737
198188782292
121686527289
37091072067
178813993823
198751152158
48598563961
148086047814
160760568132
22957899436
151669955555
62348457567
177881643746
71062738618
201305724139
136394294901
194172927635
167029642621
23650530295
211719345240
172544649172
154855201384
66399791711
81026818584
179861688877
201986759738
173195241883
157326724055
175235534462
7459161837
136150735812
154210651811
123786106937
110440493643
64841531237
268585190
176354465358
31874816788
205053278048
185963572757
195992187319
83657384145
74757039187
12502296251
124989579630
41942552782
3177412401
120072937114
2321723948
121086307003
29532978887
92529912269
58333207512
69355891612
14468130102
116957629991
106447282736
190550940085
19194956089
167127799737
118529579756
30010081926
88770645382
198340386073
25685349112
22988380567
127843832292
82702698142
44225086542
74186692048
150729388219
102815052974
51100212926
51628324740
111856646396
183663037952
143356988389
209245439838
188004150974
17573679003
99878150389
159105835326
63450509718
152250228180
103664457224
89143593022
106331225629
61232320365
10521321606
199350496367
194473183230
131994138176
161908954771
34363672975
8598660603
66522156146
177793038602
110083180674
66830755843
68497615018
179114697014
21650622171
40877948124
54677675753
54390414431
196042140387
199839477075
33314544656
147407958581
167549151949
200311121734
9757176181
127044156122
75224420979
118656630935
193045761887
47298135761
61165710144
8465600668
209256696906
65120410870
108536133584
190983417275
193234405711
56481539157
25825455896
128928054990
148046292410
105380545686
145582327772
213843141748
210041919748
105045015413
6244101948
113804287544
78416991489
182568453549
158594211428
72848303864
55729001624
105222948092
196477799676
48295179704
155161984185
7529548176
128305121020
192409638174
81322635522
55089036568
173548065523
200432933941
98265368877
198978834730
75390839954
119100604369
164691701500
179820471944
157317517700
98924890472
25858530788
105028631771
37704428372
94274369981
73954984902
15384687628
92950939608
53999472996
120405759367
69219743682
81151526892
214500846315
5396187779
84652370467
48116334088
8185605279
135875239374
88123738188
147440533394
115296100790
111212191514
176114373132
67434785676
70690294431
43003291434
152598075617
24307761076
190164150287
25064891450
67314284177
176345300278
86855215400
133199027190
126610155737
44698290349
194746490958
36712720723
10103367763
96241308166
108053291963
68188953628
24683294612
38403849545
124884403433
138097567063
93450336824
33028959840
45146108284
355597789
11896267953
27794592602
187687974762
155056961480
144571793470
27736903197
109398613413
144734749928
61279668074
65342970155
196364265677
63179278944
198695449057
129408543389
75925321399
152170095951
168094988133
167367595940
201195787531
196941125828
85641236800
38448678198
67653603128
125442868822
192598055814
191919110028
4856949190
196706609422
117019160342
189667632871
208643344305
32154452273
36941434273
203965575196
115233839470
5524546744
156500438219
173489462387
93618031950
197708575688
184471068656
52752636530
790180213
131672780262
177319615953
182775798282
154972054298
47101168770
157255565321
18583044403
72478181169
59675387169
27038973833
87477388492
161414135284
51606348894
36801920537
140751205740
106748541890
20054584596
88218606396
83565219944
48667133502
70748163514
4880198599
188263836919
168221226978
156641724692
45861367081
211917496083
169517025313
205650848294
101366080152
150300994176
25732725777
133433094258
136050983452
69196836191
142275040391
71334016706
125242105982
39547742246
130995868325
45790598846
194891069052
11846918998
105485096919
150624201425
158993985264
15807638191
117410639203
96694362992
60687574591
123333027070
129346541324
35997923694
138498816997
17181084828
39433106794
76180430862
112552682045
76120404142
196490866196
166427991960
46852862692
202180066711
95905095939
17122114913
47518336609
72877583964
79136181439
112843055350
153868499745
148014332003
109982195284
81786211185
80681073933
197267536441
131074807103
179459982481
72586272930
115335201345
213555491892
34503782650
187459995049
17534822812
129051311352
146358123630
206468875865
142548128735
185087763168
67358651686
62670887772
194842749446
1359958854
94876521626
49950767533
151998938615
199411035406
102643650170
115657913559
49894981817
205824838923
136017207475
185901354600
150268030976
44051894992
6097688866
75756754092
101641531132
110871486467
199508066394
76236874185
101712442994
155250723145
180444683578
74335699808
44174878250
95969106969
180055078538
47284583355
53871171533
17279100564
18983489123
133196057535
77245121782
53885790572
196306450420
209603752058
22537061864
13374323291
162402051223
44014412202
171266065514
65395260670
47177000843
57929844799
42216044208
184522430032
59439598816
132442379948
7239283082
84331351628
54181236963
5428866754
178514306641
83968899556
53586067763
456149743
28412373763
35778752284
48040162929
192722096410
25990418152
114040780706
116838104856
40202362841
196713619886
2508349277
102439518754
178641895408
5296214929
146527169206
174205098764
172624977680
85612950093
119373198456
155092614321
132090518037
185062623135
84430143832
128101278621
175168083058
86225310266
115541137212
160473786041
7199801364
15985391346
102073004204
185010709379
125889653483
192084673190
132538365485
165886020588
128628832426
47841390820
84023868885
96576656791
178285812936
132683059867
190736711186
160531352579
76055832263
202031538247
54418350162
78165174037
150733391048
138372557327
66082366367
125351465169
3342226841
167271234683
215774960786
40031096276
101259434167
196157674736
25948386431
186904536461
173873672451
207328729156
183691958250
139940187412
142664865224
150937808151
169572771100
133884830903
9376585823
73509303427
31727879898
21769274882
100354445130
50873316938
21960786168
109629832522
202185537092
84595207014
64299902701
8591551193
33941409436
202302226644
4752506351
13456427166
102897307541
4448638716
116177483719
58110292642
52368348295
149875681245
175699091914
137064998599
113598209961
35684304044
31940011835
29840709784
20342951242
73396767737
90940522726
28527980984
130988203268
175837002101
55361254418
136698974865
34592106790
52113668863
44231766139
38885872299
2249506550
79749710646
16235778572
180139124910
182143732788
151543975192
64398643832
185026139386
124633453217
2164059480
103698478001
102386803406
12860635683
157114335971
152497080922
69770604661
172281583941
126540880280
212642037649
75263077484
128573106952
206619846067
74767955428
20879171778
32994942683
185198931527
206891326976
32685245798
124753166782
177423020186
55587896193
156258038122
192675028272
159453878865
31977342856
171272452656
127791670872
187374439801
172170709864
119831642425
170849027351
185769485767
95509891540
73566399298
155215461789
151349869994
121165801991
77675872434
111749269520
140622291277
169823379233
47275888434
163935815501
209792206981
193451808183
50609629259
30363221903
200986955432
17951639615
214417114171
9918862072
128769399431
176006517574
8632753376
195716817821
153463507784
126229957393
30368031894
159472288230
211441186102
176759987424
16887140955
41693915334
30733049583
69611822712
10043648807
129988150763
57133175102
149401815888
74351275229
122093593709
67490211862
137539865804
38395302017
210175576737
45094503547
175670813963
30276925867
155515936201
81355714412
184085275360
112331573559
118622821035
175729471185
43141717293
53156035805
208433369326
57701091801
194774067008
125879233418
19504669269
127359018322
149442522704
61602906821
23452585201
171930705978
415711374
41262871985
52176513890
71505249099
52958797259
9537424047
127637566210
43861081883
174107101462
4915113244
90014148769
149868935320
85399925995
65596346504
55213853235
74964675925
55374642218
171283506057
101038621205
152086162056
20215608113
92714938129
131266522260
150587287687
110373441136
197886835026
65457651667
164474235553
54492725883
137954473457
131235392117
90769678536
33947737002
30301458432
31840070429
109295776897
25601634161
98031801407
215346534985
159911798870
150875151056
17958171063
52637153640
129391801634
12618643945
81941223608
36255733926
190206860316
160654909685
53317138866
172412366174
108606324824
211400179788
87036627731
78906448881
34116073447
198740894832
144850430543
11167726344
166049225161
178747335735
206585412628
132535648275
214633842358
65087119275
215828342599
106616094355
77632504590
76597279733
145577032791
159164592353
128297765479
129920886870
131627733183
3749583989
94497588974
79060646279
37099931516
46675089330
170968924170
3750735406
76936958654
32320033846
200125767015
136275407729
148871110889
176867157798
100130886736
187769778684
162243633379
149887740851
130718498859
95470369643
17391016230
139563663601
196009418105
151370578051
19235284822
16997478774
164546712845
8565397379
190817501939
163255380854
71353748463
6424566635
48244382969
105069500889
125207777502
190157020791
129863403527
96880467783
31348763499
210346242824
148956182172
71352228195
43705216293
35419579035
113048517904
103592389248
140221201246
137058758498
98879928733
83676702051
94252032335
120127786926
122035024376
76387997312
94445913035
140149465382
2186741529
30408706846
28018096632
48163146680
37387494361
31246099801
42226370073
201113936745
190100745900
202632065132
57530811543
42532036987
17307539476
16659677546
1847262996
169857540270
125993408520
69715822973
43949593946
59100562344
98758652976
169078812280
195624241270
86164748207
153632928847
26996422607
181849468091
120618695458
110883332492
47340028792
209101396206
151635402448
174610386873
83506864583
2550948855
130754325143
129284050886
160714892445
144631499164
147703661322
114913542857
213891619057
191815139331
73885604802
111038689172
63019797590
156852242949
38986904721
101939504367
89037834298
49024267990
101285269499
77606984662
74702442963
124340704312
208945889592
23308996709
64859811365
47499310793
10777478163
207639991813
44395692019
184181300304
64733428725
67219976116
200005077142
24346109984
171289750245
33236683697
202041937303
213811872712
88508253599
122710763782
184790150458
11935611682
95289538393
49174452633
134501719757
176661893381
43275561761
111085420237
174512699267
31344075592
50921542229
100598883782
174001912967
153561874212
74137532511
147409820836
170212104807
111135000228
101376819454
35135480790
24550787206
157759675862
7249850809
88392835157
163248464475
9567198152
53307449365
136822622928
141077943546
12895304902
163020064696
97458187269
19506549033
163354089223
9030603647
8876257653
33398079075
55591849965
73889102955
72902000076
210075546528
199778076869
110713837032
86929234640
151675869783
126789347744
202677110605
214138570382
178125446819
145898621030
182217372653
154404269106
14541802116
109773288238
179146081468
183323057694
3222774155
21525833490
59404752696
133612075505
82029028772
146429440715
138782527158
130742223274
210853223618
112404319737
111885790624
4113039517
101118486880
163990189154
129120788099
197512554520
18036991327
31384646298
173547932638
56617127068
103005622665
13925373017
133600361920
118920319952
143153390906
50004244242
196950361691
204807431246
46085951992
178670707299
47756245338
51231107609
76999330486
117211093389
200789826502
81571249761
83521031613
180424298565
69101987591
14447394344
64332381511
207831171271
127899500084
207018481907
23910708818
9800909323
203780197877
96916371200
46874670937
114292746408
189635782723
203311603724
194622192182
203801127595
164746746394
93260823385
160656402464
66449281258
157207230574
120452844571
109199676073
184597223943
63244858199
195045123299
101024490745
43017003159
192303628926
195198338204
100740404086
178658058174
29094324523
174942709649
192395800194
177369376750
70438591710
212854192477
31496138399
184461743229
156378406403
171727656910
62239112310
159711620879
46243178179
117280695064
59618995605
178090252751
120601129672
200491358659
37415871337
99454637949
58084398872
88809472063
141918186399
102010932513
79955689664
96507271914
21824248004
118595686673
168591754799
60634424885
969774868
33161799860
164113046876
64558095119
168620832963
126461555173
140749195671
12346657408
42573204936
21904138342
34700562631
36620626256
145533060714
78235957315
107653316888
105965223711
19055512086
123085964509
20539518522
82877666706
126564614973
76455672705
182309161893
124556504165
185139306773
24555350230
63224544476
199400354166
173903098793
143416939550
132796300683
130490890583
158814090283
153373538006
200718017468
88236219665
135238678071
21149982331
95851523823
184784195085
156934475128
150657212312
37974777149
51649366430
150161529294
156683823509
212664830266
165009271208
99263959787
6838581186
118788621033
62215257217
55351550058
22962342862
102239696633
119853554975
137421177554
205413186561
196867099717
154390337892
88918429316
49069019352
189919968449
209127435566
177909873994
32581544518
40967922899
23201287592
79113597642
99335973957
12849716701
112849810466
80869815467
53095032011
129512964357
84352305627
166159185574
213894266863
146027816494
6059677144
127559370432
72935333115
70698324261
20161632940
150693372540
91812584376
82826213541
107488498463
29943762914
205408150815
128461406358
88992800946
202682230735
125135156507
193883361535
190466621587
179017938187
49974486821
192319891237
93336531973
151229688110
166623181183
112691979582
44160352765
45802890003
54093661993
47148799194
112411522520
76685379727
19150930413
6867250614
200265269573
133169330190
63076457498
3172590021
187998657052
174602908168
201419159199
60708000294
170485785334
157855920258
14396844477
99696807586
139286916750
22450753056
179228761015
53996877886
153190160286
166971241281
174982556879
172662508094
40147573162
203627322781
14797286319
201053212196
155304472445
154802590655
116623976691
7469916640
180350793685
44224476248
77192682053
53469936249
110344646828
140912937992
146206366029
50150682863
186144175475
72720895288
181962763742
7706134663
172238775848
110327643926
143608407813
125648103073
210465224243
68008724831
22972660947
10741389006
184291249640
184863372873
203549089025
12650879365
111936958486
81028339784
43465538349
171302567489
31709649452
210040424269
105496620577
14145852444
118237663250
93146977607
8394700348
207427343432
169854836341
200745576814
186178118650
158966784130
59335928407
140291391723
60575001257
205585565818
179076673588
136109447142
194477267141
160058921429
8949225250
131826104996
139825309535
47245581705
124318882431
156544149367
92156509164
207854373145
161110356234
27503596774
127527952162
153217902090
107408028238
45564507106
211252825609
175563640630
143739928160
202386615821
115338086725
169385235911
202480676317
68223066828
196044215218
47650122532
209944946443
101395565000
163281596654
149553449693
61404399302
64511592826
124996177946
146783387520
141179867175
57279851900
98174832149
196925837261
213065234735
67589544941
106160337762
86077997756
3165559288
12113044204
90809001162
102438187228
43401773755
209554822294
195385052474
130248479312
199898012834
199855602532
206742099373
107764163718
186616746407
1488270979
80021519430
8342519788
186429202176
125102056103
116437346658
157110846878
163558712549
174327075776
47819954148
78668650435
39384934023
89038914488
91690239865
61045902679
154518338033
58960007868
155227880238
140826771472
159475299093
109396215649
200920233525
188707231591
2439711484
88048382812
117871020372
86292935120
125959868797
188316909004
69920277820
165694559804
90944302197
150432771221
170241906683
87060856204
128775946715
132110625703
43906954039
169191900732
213375977261
50398065836
115104786926
191577821368
8505905353
45877020510
151831165612
206947383271
140643281465
97107958134
131424257371
18562414388
8968286668
30503453996
61350298954
156208049592
166001215813
11755999249
104714572046
183088214497
212856162011
137944919103
130959510673
152014570467
22710756058
111668684528
117380917250
90798988264
153733468372
181538921047
40426512504
80646002455
24588800539
47934955875
123614718833
56443434164
105307934409
214939000800
58888519891
22438944362
88577022473
41435542423
200699022857
213939060591
193784931539
162222667995
96410879749
139188401074
184659292521
37239077980
56660803601
21297325032
56763255577
8930594551
127136925328
163275170379
89881743103
52524584801
153051503706
44415972100
77870762375
203934811950
108927613269
96951130164
145995813220
115778569430
167137033724
204429566448
196289328653
112660020303
109786906417
191233189064
87959248644
101375495415
198259017216
20037705942
192996814393
193033886103
95363168408
43201134164
97833870064
139352965947
20865076739
186409316195
87478908787
176773393071
54429040808
117399729958
5180810089
76997338679
131100465506
67599084277
4117096044
199184595364
186125568830
119717047889
122224757609
116678700150
172560977900
108575258597
175202221976
100867214380
196763714361
45042242200
146373408228
209281699090
14536716815
80453711891
21229293498
131246387042
198414709688
119060424922
157755978914
17948663844
6829147328
142186179530
74022019906
5006005008
176061597548
95556350779
56350709629
196446682392
78459693943
60684280842
197374225881
12439905812
71044887273
196280550507
32953794964
71593224128
192086353571
98893467422
17876867268
64709278796
71968693943
180183851082
9786953589
78618613917
103970604741
10203425054
37909637049
158199711486
62558447487
112968326904
76969504235
95165680299
110954731451
147994256214
140436020132
145028687707
69333605155
101986288336
77457867592
7090115883
95180768114
171484650920
137591234916
166761051808
164955390426
82277797385
174891403769
65322342778
108494447163
124654070464
67223648718
54057397000
46342061069
138585047341
37071412333
94611155047
189050463831
152851900071
88344734729
122715408158
149106476914
147511712497
98125652850
87475605435
36727840088
38947820046
174155197540
195384562651
106737840107
109254987500
169106869373
81785070563
102376140667
80961631069
92247839621
31093280847
47753517018
171884154484
163230901121
18875997138
122448652540
105830439857
42015129538
70140272793
12379996435
14446449305
96055568099
84868153134
91081496741
130844958425
53877728802
75145044149
97900348541
43081388382
18737139672
164634687468
71282335259
125554423362
150046154300
105575602860
144792486653
118118960179
196402045446
20362727197
113437631758
155653771828
3083158899
60814079555
198535872074
183704874024
91142596961
97626119669
146463321067
36144300232
145439344946
58179234831
87380393608
81199880035
171147850826
185938417902
100225994578
108357492787
213548488466
67546596368
93276571671
19711443188
41870486768
70603790497
208418827261
203714104372
62696255063
30474269737
107221594011
102111130568
65788081980
210623122937
152899617984
78201731897
8823001457
99885030904
145602654961
116376719570
194012912956
184970688614
29436667146
114820646975
