75162645062
50818048444
199997569259
140365689355
207356550146
141296984616
160640225569
119319714482
93255126896
14684894004
82254795614
130656192872
128641282857
123782383212
40946262912
41431818189
153680662399
119771514792
135469826540
182155165091
96300505500
182457881208
82294166395
184643598748
76082729742
117009560834
20524175684
165657234402
25065377773
85309597276
46241810145
143168543679
30411393585
131205186946
38898208258
34296201385
133417128963
191362304202
208776702594
60744855163
15488582655
174162811567
132273397160
89415715062
151308468474
17168242528
206702862459
152059347386
179694340214
4967097687
41783250396
60399373857
41313106849
45607416142
167054765377
113243130690
73664137501
110883338207
50183484728
112878720849
17649756930
83721661659
200501435280
92255705275
50068380050
118228479722
32633800355
35764061799
164297239460
85411234346
158843659901
80802344088
104794175188
129705643655
124969309149
63203846671
25615759146
183745076326
190320205503
197112836300
215520143094
9465705628
124067482362
111275286907
132704434533
139424557027
82036859316
156103435319
100722293997
103709666189
23290150246
71120790607
133263228222
213174027937
170803208993
76783130760
205504818881
140330566776
55413325495
184951887994
175142141345
11125825975
148534609427
9657430447
73581260060
161195342433
133587710184
187382464964
14312480546
123058067080
117675359105
214727894454
148228960509
90876414263
22594586805
166756089624
175072022602
85442421236
143252102977
186748909176
312601524
33190779914
69246955592
199130477966
37287957863
152409838944
88590504291
135288014359
39710379834
61418009841
144489571827
152132723994
126125383905
24133031300
168681430961
44731670590
76870696782
84576364860
86922362926
161705000534
4598600712
155039979940
175391686487
75363312901
195770660626
26488739833
118312551186
39537900502
52298405639
142131897369
109829171174
136612752287
70367098597
183566663562
204631639447
26075473525
31685530197
65709179001
83114235714
140116600354
146161057938
182682900745
27028354335
140254862626
110598281892
22312136309
174582190769
148726830352
9622091157
56519785701
52930334623
41267180574
15844661283
74615432222
202232646828
91518352458
44316598985
187178543159
67542689407
45037325922
143133145283
142497943504
139458284724
155003779067
42248996371
39870597707
118036326982
88426147634
115668700652
151145509245
44075673956
12089103845
36059992212
104193779222
112570858361
39486178169
177243376908
165456166297
132833438760
117389695193
122972803795
147980850112
194305495360
111000233961
85898357547
25887933485
97452007853
65094881748
143262859302
3620785195
155371287186
141754581909
100695920497
86317201726
161514183743
185538667832
23599038244
175998580640
185037015597
58510722482
60311802240
174640018484
151910876705
134126216634
100080992211
108888929765
143806082435
61619363845
167352607171
23980637747
202097667818
30844328490
148705764864
203880956454
124702998551
188088598359
146765981464
162165920055
138522506309
155550909847
33409045592
120594739421
48335112434
144718481042
37325242968
204990945066
141652364810
182367196260
83332145088
130706320759
170234916954
111581469804
53518120343
13546177888
118647082199
83339953874
150416232938
110316288530
48428121847
158544933538
202287096891
158270288171
152226790720
185935648878
964065066
204111790606
187414094967
10325371632
22465965041
148408795925
151659644956
107298274040
98280309985
126931610010
42308635841
18221000186
41805780295
336639745
167903629475
12928980427
179070975996
99077115910
111359334709
46354520186
170604919603
111764759
152543537868
72740245824
110443834493
196093471343
83721848197
168222884133
158087876036
182733967375
193163939160
157813990161
209630569987
196774228901
98003705618
46404644047
73722049330
78274673690
7309093031
86536291099
139385060877
98802760313
71878676262
214222594830
36625273504
71702251065
153127621996
190745382058
107481219868
114115536790
183603614257
97612501187
41881789820
122373225093
32416212952
99582939834
199307182711
18469746504
147703244959
74451125123
97242588026
210943216918
7286892485
18460344496
113746420037
36084878557
152941237801
208943135154
31282442546
195164722367
94426491824
48139273130
22882878111
100323524835
59605778462
74775381251
117015481001
211152739196
100714342688
2044274844
37747928784
109923689486
41656365967
41305990433
12207698472
46406078113
86293384968
152967138343
170687506735
87403515702
4635445055
61079542555
32152197651
150098537417
113735407874
119572340710
98050159156
153199711393
147619016699
52518679298
155872048880
145784845286
85792835981
72853090916
119536003297
159783011062
2101974884
139695921243
39857134916
113909314681
56215016153
86677293923
5648500847
92226507065
76657856064
195139911783
83377296277
181232341300
54747192706
116941566355
191505390110
36007232205
151052077484
17773736224
6078489828
47551503269
114271728589
25079660250
2914134035
120581461709
141466153593
174309519793
5851516083
13297782377
149766830167
71189832101
95072272731
130400573928
40941871382
154993824631
58852577123
207306449517
214597161519
199375178231
130940952386
60156114801
213715479127
172019390258
43014340546
93656489156
46020789226
153206514246
182199391415
139867474904
89442526279
103611318263
67744383064
191686969484
55848170785
10185556508
189820087576
12029365567
57052288050
9178232857
115614525648
165308113647
190182225253
20766674650
83145738618
10997806729
164517796411
113273819096
14164212588
161891658015
25601729109
54240069456
27471392371
65046512543
138089570138
126154412860
1062682393
153997414705
186938632562
105887887840
196750125071
214526950424
98576873301
13235308154
142467063077
75842726473
73044496212
165890466057
28476680193
205904091747
154623712907
19357017117
44916678490
202511455750
12283369253
201208334475
73940471287
126036187240
150507853440
60797493130
7245867202
63316548265
46370325116
159734431214
190957609424
123139666587
180451787679
196859780634
142373635073
208515377883
60816846453
200407584201
169834811398
4698252504
75139655383
146259753287
69348289673
50989076783
209793493880
130448009247
189059518980
115809903074
25971331822
492298114
127263581421
147171524269
167760836861
6243030761
211551963411
162182792039
50821913578
156343507775
58961747493
107199353574
136232895374
140678640858
207550821220
21471944239
84434176338
12725102463
212244710581
70315779381
186396072055
51030117475
155024027094
12335281717
134853907824
91938976447
175243833225
195611516249
82635803281
147405677329
41298283894
119230538372
53770462260
148744046513
167997805598
74319173629
171400604551
181883108379
99491757825
113147411285
21998372836
82062021386
161478561311
68415888599
88908506163
115029472527
24407822626
136261364504
61151528811
45745728686
100460087113
117807108008
166506677325
6630167082
22794657038
164710978019
144169705625
190834533758
174623664138
135424811392
93333412599
100258750033
122216721807
180454421892
194893856643
38521431729
194372777990
35673911307
68548964271
212866754054
6944812978
106137317739
94223427298
103941654316
131440971648
44447670310
68823018170
42161210452
190826191839
71199397714
90071325159
175568450825
109972816845
178402784090
171250039595
64077439344
67849869442
156593249404
169122079653
90669305608
29629645152
152222691840
191765476537
45583733129
174973566413
156530306439
180720863379
35228477260
88565696191
49330006085
144646916027
52564364710
139827488712
51359892166
53994766818
135391036754
46542847020
112355183468
109766339290
161200613888
186926779960
10244229520
49031916399
101067064201
52838611991
214233498031
43584733256
25989062693
89125011686
141857112313
83717576147
16011352599
60247000993
203874367585
151300661797
14903862684
154790403791
14723364216
21330208329
59528418190
42297408255
110723448198
120098521138
119489056888
15025030846
197778201933
174858289440
14697619245
168690832504
110403000568
109229915104
102599998831
202621367184
80197477688
119391975116
174411596542
215106313557
110976967834
208332981836
104889085611
76231704895
54477526453
24023732667
12749781566
97539036614
111042807666
118201292616
67460303657
68259324130
69612811866
172983139793
21815610302
60798595208
131677664119
183304215579
136049201123
136231354723
126745707997
199659879918
193125448267
60040771026
171403307345
136064986870
215270409996
101504320887
159459945731
155277648770
182999246099
67239856644
95536595599
198316878372
47296951850
80132892135
168736400794
187651531354
131742848647
138571337010
176112172446
150986135086
158798599560
202231415028
3055885708
161944809544
141996585209
70367093109
157873274703
151373935278
58230172656
201395220789
15682300741
1195854220
88356577285
213619989587
162303315169
93801619468
159064624925
146480961732
198224533485
17127656616
58143062168
105282078628
71849302794
92514745288
199210303241
94271577161
107540952546
107487839888
16809364572
156364035013
105071931338
80291611023
75269069448
152103165858
93542873580
74822591682
163821712640
76230994249
211712497692
102426251074
40573333391
20736572231
6981322969
87088485703
162076661
187396778999
99267022387
6315890082
198992989966
152397185668
193146648655
156031842802
191033672212
11768191049
157003225858
85381260822
126653251801
81000335606
170518932797
28707709209
14061972062
107349263188
32114937422
156025552690
166309266765
17046108199
35718643493
135794251293
209562228261
155535968375
101585738673
52983948486
141755398634
212958794226
122390315575
194048151315
101807217063
202463807965
42612311728
106659721282
88248754433
43367080546
31435032214
33230276960
21387523225
17628425336
50601990745
165242370180
203224220319
206966074441
42684246690
137989788023
41380426820
168418600326
158577388635
132822805170
82270504551
205309474714
31491205066
177574806176
71493545917
184923978110
197398139379
59305785261
109284841905
154757065833
214328210900
168394763578
121364944045
207240545794
113255083095
169315997454
149221709088
175421210287
121460924135
197583612557
201260901477
159407666156
11053716870
122214804026
69046339400
72057922150
94025924409
184960892829
126095447710
3796227762
99158095651
185170680576
104106476572
41126375401
115670999659
177284527399
47791337659
142523091632
207988453290
184175427962
202923161821
92341594957
133301998182
130667403552
62277489142
95841283405
86288865310
5924918541
66368778792
113628234685
12209094504
153327815628
181476022075
93120797933
1056760099
58970089479
83426614528
96136051725
80639901269
48258904685
125451253032
211975420940
256508593
78697557546
32415627574
28404959749
120979228041
99494217320
60913500857
85089513851
150685570459
139738887224
48296073250
146608049573
16202739065
6837765630
31503317817
166781378088
77929950056
193130935888
173098888047
129383165276
61846860617
47895430963
60102993012
139456171628
98823260368
200919534985
70229139444
146367004063
202474082622
82668127624
21371775157
53092305985
163458663085
588807422
34128716792
141517682246
25206490637
29142247079
54533885913
93578830392
175618329683
14687526994
91126872300
154098206124
171259792464
42658736691
201371598608
95335795279
135359772808
198176714509
137455322235
37555156788
172239523839
206450879399
10887878989
156737506388
49198170350
128461164
42002194005
64818269757
43679899848
36020271207
28675276274
44089525446
46253478198
101320704202
156795785542
208244164149
153493460586
74140943517
161386178532
208614685266
189414261191
30911073368
116675903374
101914298706
109979498012
46205264974
175250052719
47798545102
206371258142
164332299823
183859995379
23047026321
8819067285
149846863166
88558707923
8273799609
32181994463
180642396158
3993729345
83886198127
73814531929
188522026847
166804127648
107603089452
45969220717
37085558172
152474691483
153051081775
148772267702
184241650635
108164693542
127978488677
154298137797
34902072878
164658789930
133747588395
156079629953
176344611783
184049762565
63942650043
82885552205
92561661283
60307571028
116802773353
177113121379
38745209322
41271728467
186832279549
12946550402
50689491639
552367735
63435817679
160908970071
95125650822
31028420915
83740167025
42490073051
27609215794
13011334921
148790663970
132517932669
5750799536
74330941124
210284674592
25881039450
101815998341
146294406631
36575695168
77838749369
68249036346
169528701096
6065315940
42873237034
39350084025
207459004364
208322767731
77535517704
12739282005
71129204819
76872591586
26177000278
62022601110
215373225710
127717877712
24946785748
167647755790
186365804803
62206056531
58380588415
73631797850
73438690553
88248843734
199162316694
162772437391
119703332626
97260941517
206382704680
56656823547
14651653543
213605735383
15511966701
65349468379
66079733846
31150469440
114266944007
77014184291
151983150648
147531515801
8257323881
28327806308
2315696720
115218806700
134592820562
171640739747
121487399894
39961259106
64259924878
28781452833
166387942193
206470744542
73230671668
44935814385
51610990289
26825698990
7012014799
117847811055
115319334031
13820588160
105457556757
166614345575
160628339659
140100030410
127947631134
157490207917
55060277565
118480220731
81668784695
89705605358
45090476870
11376497645
193569784718
93403380714
178161695729
45453801297
28790177216
181424803738
20175199654
74393228768
137187131898
93661105686
116103975867
208798137676
116064256144
72672764934
189423385088
159576272966
46743683456
167798802996
167020536589
99147203847
119584330879
85611168262
32791161843
85641641465
145726382252
3523507265
139120321115
85116059345
17086146114
33549226702
119064144708
123939923096
71926335487
5896091250
45225298574
191146262356
74422438866
199570934316
48665465681
192875403237
137744635604
174803558843
198529060738
58846348307
42529225324
144371006619
169037617710
154675088624
127813847494
162819166527
159562025496
47159514640
110470477421
64054600673
86572034759
36450632534
127436853870
133633845446
91256393792
188177143406
179034994392
32410187817
212545319311
14876314953
152255215697
179486273776
25192697515
174016407194
208211731446
52896066809
15178287166
132461484319
35690445475
101759314883
165105195662
8906472122
98511917071
54028256488
179825164379
210195204695
54956327262
67298314742
110219089379
7440185356
135964027103
191091039302
162076018853
204766083116
110084494175
101789248590
129634932464
147075511123
194554371027
130442306207
59598887384
56770805096
118434017982
61767233563
22169203989
196678303871
3807845513
121116671772
121325701807
87416342200
173283274055
106126207303
139859596381
112639242500
134311342865
87581052688
125855370532
164177131494
148464022344
46830498706
82220375703
123634959864
8537834493
91216992650
136940791262
141632561602
129739163778
163582371557
1427631650
163638784071
126270154126
78138976322
32912423744
82149917733
142982952540
48135103456
30221444507
198104680950
176741094919
99876768512
56026130408
161402447699
112629722109
193813243899
165603185375
120338025112
109217303857
13766557516
123057921029
135002780494
161304145959
18609586127
83547066547
46547761456
52088346082
44832649628
180523937123
113771136484
51936431843
24032032341
111829636660
63425110148
49588676649
150371854928
155418822789
31409814903
56162354623
59694904569
53156248231
155845813398
104087148044
100016055403
51609078107
6771629033
96751298062
144470151575
172833067761
210823300688
55107358973
114079967716
5935961296
169155757456
95661330907
206497049439
206148984782
129815102242
6795547296
156730493865
13228623249
160527223621
8756276795
51922439854
116592612446
128245229502
4617399768
46944954844
103675472683
8606613172
68068093277
123482181519
17218045345
135133194165
65225051741
169545123558
121477684201
185889055378
188873573195
114552901542
47336170696
210589088634
192123709897
68134190557
184445402525
103087645904
115788404675
211035722418
117905994086
69451964387
163769814951
178992315182
34251003867
179208373227
139534321061
213970479192
140877661531
114617891242
73391531791
73055756691
3620921337
142653906040
126842725718
9151136058
196628517342
42004614116
177107195175
127055806621
7687163098
122978567181
130713503606
61753786041
141145424744
148812717280
130167085940
122089366221
100979501219
212115106277
170845189837
168068156770
141407774626
15357087975
76250181313
22306762416
71492878448
60080174497
129501660317
26535064579
52532375023
21775192825
9816222791
51690088569
155129372607
61557860279
46961723623
127815085406
102490462166
76562284460
71645039364
29017334833
11085023470
85285415659
35130812264
33523445728
101448913278
153713320611
209789264791
202100261391
72190294025
196156323798
49748196057
99624295768
24382524933
146165205420
22482254793
200347783733
24552518815
198809960921
89963805307
87123440776
183655894260
7335502845
428898605
208557741250
109918241669
76103037274
4310340610
7681523410
133395353490
91154178117
181798209972
61313447323
183562631140
182188126111
192646490361
94799791060
139393307900
31263843478
176567778188
58187096941
41796921263
124530638390
25361001900
18795619596
113665458050
73017944088
86608276587
150320088950
158579243746
146610519151
202421825953
86136697478
162913377167
200615633005
142122022983
91771680730
150678812225
116535143358
199542035719
196180554968
34679018590
162182783482
33690595321
201848524870
163493518715
201324014064
201967263488
90078982253
104021237036
167546278278
156583387900
141332365225
125775700211
145422437360
183671135419
137112759084
21755604689
158385287903
48585987182
176530956742
158700917075
10070215790
100693718026
1022817907
214778225712
197854893761
123645671601
18877367728
90088338209
18734285108
48069493616
80119457830
147371902925
167918539790
103103652203
66418812802
118189717475
53355293755
26483526990
111753848801
31389183208
99550159138
126288349126
106268212819
61089994809
28918834507
114405888583
52386791990
155290946585
60847839132
207795617768
125599048046
40079480399
194733453926
91200940839
64672960243
114362033717
39040240717
4527127314
170545913237
150930314361
170121722841
32905306214
167903128961
33900698164
23857326246
170316892552
104220468746
96340595151
60147444657
51253524433
194712830261
118774809307
211516930175
116385887534
57665991879
195979718623
9911897584
75747989114
181359459767
156896312284
35261713271
62300624056
55300261679
64486178232
122225906761
68687241760
8850739053
54674486155
166160780219
23313802147
207282133978
42571609738
8221512851
127332094011
133440008846
144691138278
79500868510
166084662225
194778027923
208600949058
19841052844
46805054265
129702147992
59617817967
210611509118
202617555376
139828469037
145893477321
206244995137
51042919117
110217263350
34502371272
96712732649
125435803929
170356801175
111394371260
178780721308
176376689661
9909538521
129110159544
131193731090
125046949768
139107853812
208479435930
1369446806
129239217218
142292253008
197034943527
149552310583
45762425733
9992287326
152935473771
47440757044
166748566581
67268180544
133177273028
107122468269
189716874616
97793278528
110864625240
57354494250
96414611439
164119700135
184784091521
188367303411
85768585018
198504305008
189278701868
145102798758
158490768080
157878820246
202713857374
4805155353
86691958914
172989376915
163486682466
17863654108
89135399904
140212960540
46303951503
142744043483
50091499268
101412742220
203008213271
27420086768
189665755307
213888217234
198402138772
2847537275
29631417224
2760689564
65981528322
120144483769
154015566935
17086787876
67100209266
133913785788
101752997168
124685405406
71052934606
81428723663
76167433793
102187884124
130010060335
195907421416
190539823582
200179804731
200028439558
2489194437
69681319657
35603747449
15226903886
74925922663
90960959835
180789717395
111417437969
167024825943
83717573289
93658688945
32403329665
70573426346
14826203929
105412068089
169128521717
187445567068
75249761798
93849878365
115946296595
72081806764
128758474759
123810208871
84297328885
19050199761
77449106171
137910598390
47822428925
192535567769
112774992799
143333950187
62887534530
190874259700
196138924418
43657284294
186179060942
27253642446
45409449071
114784238945
20664502560
57390642301
99436640878
114751943990
86699196007
157800007294
123039717337
187127308859
49885367447
148195159297
209626000631
58207798175
17641451652
183665886489
8185590404
14855235533
34533813688
164873315466
72843608582
194092358377
192201727542
62894883460
59176379870
77422877824
66858477772
96965095699
49294440363
154251338245
192928491104
72254243821
31138284020
132377438834
48780132908
204715278457
96866442866
63130108988
111828770942
25023190111
60217623617
56131547094
159183531947
70809576077
57168551745
121804080741
35912013647
135636722183
117490895117
41724539637
141737599788
111998819308
118041568515
67390458802
117865966280
211685483366
189983718846
109253213327
209378665295
69625443495
27032137272
187255598644
88337530261
113696975051
192949511997
210744925357
37940834714
60474323295
72814251098
167959333309
120878223200
34609518339
122041001499
44774076808
176262197983
34774579607
34769457664
83966952174
182323020690
4159647646
70435167135
174781443355
161314824614
111679136399
17715718
146740993139
10808869418
205877241730
213622668554
16562219257
125346138204
45472928682
211870164671
184489321293
113355374097
167109015299
179663410447
4677493051
52288091158
38760717499
157463359978
145711023062
199752993871
110071748850
164179321634
79777478384
87372428799
118893964322
101556826300
189618746606
55774537667
87973511222
77715135227
10321594338
69525440364
115500350903
173229986096
197223294798
156970075567
99662284459
215583874384
20015351590
31907465601
74840893263
157864011617
6299567337
8487735117
65247213007
211258615604
113564453808
123838697491
108982556113
46363766146
52461643219
212852802363
158723629470
182437051013
123468234338
135700832986
129381658231
25754307963
181695924479
192761370786
44452386176
203573753082
116768758102
148266267149
196800416364
110686225989
148457699180
180009207396
67367983686
144505556127
193682246838
188338979838
170018705490
195079872319
53564142378
72238908233
183802806604
39189945479
37275993150
203726327818
104891439228
152076335151
29679149689
168960688916
83412995380
30876155854
26948003523
104558055415
59614289313
85327051089
95632099501
35718244178
118163539109
9518569788
164915359810
180327095481
2318394179
142853673720
189958207427
78260518109
97308725374
145724193704
80961627111
174987130274
82882452150
125600426031
11720410635
36553126770
123001644334
146765965327
205111971095
174216500956
185808098397
28935854754
145578401662
57800408484
120076112615
43729287811
40756884266
104339890408
106056157436
144620619473
89395581426
103990613667
144709544913
29524660168
200082347478
134102690560
86179179202
46877696302
22846855057
69752926914
4632087290
105643557571
40489850795
137059928207
69145945973
85089423213
191900962100
213491350248
211688883052
42019735170
122649810954
174561855127
111935687329
30814611485
65349602806
69605120999
80626193989
193361973246
157662252180
75458934170
83562389227
135187145404
110744136968
128239585422
198068995636
142181062936
133120845047
42441131489
174567554487
169787981482
114417323090
197214203427
52666043287
133731158382
65641083534
105989939246
205434134642
210872198496
2773508364
126248385227
44714075665
87210346791
149567514039
16223721492
189342520887
186960221469
124321667368
60181260214
102101493014
194874840931
154048745445
53734899139
179938092898
6598929275
85674782369
207119722996
96738373319
196475324821
68250476476
10912071843
71632938386
103554872281
142295361851
83496169776
12064070680
181136020116
88619297983
16598672743
11494531980
181456749251
156828751591
179737535361
91394821277
152993938757
116298947867
91341712706
13835577292
8373891669
91337712288
205505497188
97277636539
170303886323
166274758520
142112585381
51193943187
13632799009
48725808027
67126000724
128728959970
166503954737
93096150217
177067647047
83082217641
60594250484
115499050690
78979037924
19593533825
2410880684
119188593941
60630323969
84228759400
148829547467
116640214196
67595656874
97754117009
58794108990
122770923507
49271784446
114209475660
181469969445
85125372027
39167589212
99071838246
78720115047
206311030945
73204035447
214176293941
47951750605
163006664491
159904359421
135299567288
173210214855
18823810290
25484824002
68245001114
190232885842
129092517638
103405322211
200490819378
18853244666
74049261721
106295761461
50624063781
69045867800
203300073305
104680331561
144726317763
53931811189
104829088871
210164920311
148592792330
24472186173
161811013402
142766516818
176041002433
68412572923
182393695948
203144095629
82807409907
104629363089
198798194963
39061758108
71562806164
68834389154
44685229267
99953668421
6347937382
210469865970
19250118927
214926117589
125291401741
122757009496
176833069254
87806635200
3453771003
134976681667
188786068463
36741254430
30136308869
183306476454
39825735739
46581284844
77476621858
49475280546
183205817322
62369377547
148682117502
102145344029
151499979969
202766931914
141771093847
197108812340
54990249714
204181423241
106615956416
10648007090
30869270976
101651708064
192639667125
203229952870
211803853799
163372691311
144352125716
56342243239
88639506151
146126716328
96828012926
18904106635
54456096498
54580631117
148700949782
51598416859
154276143077
153870015101
99957127732
100354007138
52227928339
38858945781
204134509891
38470826690
127024133032
133360388051
3239506720
197517001024
195968604775
147061331851
109997707981
157146908689
213840059625
171752285617
45462326890
176302206419
8894917295
87200724461
98970509214
97143201143
191391076445
146961509619
161844431996
41143438369
50024184037
153130185152
144055213881
29835695641
107877339014
89083662862
112582748201
141994718161
52553785146
144111690273
197545794650
174829050576
84872377440
192815102241
150423507495
124470998811
42711297490
142926537555
159984557454
191034669631
155593740708
142415296289
84902235248
152967150560
66424882925
194279503846
29823875767
119297159555
68337595026
135227720003
367582301
41706425718
37437562148
15555356781
152238784793
164717853715
170510073930
159334984979
33096257582
37656889611
84529255262
86258244155
139039477123
45886730655
162020210763
36337948793
74799030034
92443859445
201991082502
83506436965
207118463072
52625700947
189843556724
186283426945
84270156795
53994051854
200182463803
73831401695
70760713429
210478788403
28611626441
203912592326
134714895431
75162311682
57193335893
61884884528
213355213710
135396727665
102946898898
157597748030
130300458586
139610324621
115552323170
49950391648
195544363319
153806030573
138431653588
203401626978
109008065613
19115115007
147113118452
29169246411
89629323003
64272032999
213299933209
51170752401
185413244891
43000449530
185304401015
169685965734
129505748868
32741176714
130067600403
80852405956
215423025927
53055972711
42108701431
10037850301
53274147795
140070362928
96864465746
40332002197
90919336102
124436264803
202896737772
90432211648
213801263662
9430551195
143885412526
117299712220
18227387945
32367584375
185730456899
19752063230
155405969352
179931447559
138324898558
84674446342
173930430271
198409781192
66060866953
173356099561
104103882280
147437736758
85816411503
63981098727
152193723732
167282853788
90355793389
58795603689
2772612824
71109559272
113292468505
152508820218
190221272372
212925551861
129423522353
60320578417
48058892326
128054322296
134044701053
63943805788
46247742417
55309338575
51305258716
83499178095
129523528530
96477962007
56104933485
74559730006
148536399149
39314262228
47833962655
90944640127
19481786314
11301431265
130775805528
193204412674
56597710375
131565684655
172056939768
215131699854
135006640037
49955461397
5206223759
21450108299
163405845741
141766266541
109867649263
173756316707
208987085301
42217107564
210898576473
146576662230
184534452242
193794148739
39318523288
140842139656
34951502342
3854811402
200381436501
113126787781
171882254788
9069807216
164516305548
17397933888
76851105545
64279680304
22391944016
37093061327
62832300009
59081675918
179961507689
1652685600
29015162983
22876767448
166593361069
81405633944
180228698566
139384272775
16013348250
49445570253
168611383793
179417081862
120590640071
7008506835
198535587390
112982238084
114342571469
129569352126
125124538477
49365065490
43111852376
8410006551
87600284053
184019087013
172049375720
139409213287
107113207354
126399283896
75513270859
55110109016
211555914948
23189735070
134280333531
191606736258
147323808634
115094316008
158212398584
65679054729
196218374761
65067174369
19987959179
193382568905
164898735976
192713373391
192055593663
212025992474
63443601116
34111161181
165594614844
17725183257
159077146993
84177887181
110843828547
16764382536
181607091021
47598335209
139912759367
24985810943
4932134020
65759146807
166298576229
191906922247
142722057409
62430610622
211811643301
193002570760
143116000955
27543503657
181174150208
18632186468
65314126156
98452587950
201480879804
129889130289
194185357941
211747376516
117590970622
108681881297
163898797840
166573671236
60746440348
145650358567
19108897874
66320401666
97837548684
173624406942
104945520623
133311152110
54077671025
68982741655
154896316623
9934831140
82530974086
166812784951
68512603552
52335412933
168456875030
109232994355
154422992942
65394696913
48378559563
137802289610
196551510840
160983759939
206177540463
60939202434
106280960953
33347057061
80374655405
165930815786
104695516803
125648828822
155646845038
154852869507
69235629402
109950475778
132917888255
121101076899
151318506898
75227752580
51344915
67482209156
31462275828
48484527952
185576412204
30836890443
107042802715
7977761760
139174769757
200812275396
62922153555
198134542001
126079665810
119709585788
13183779778
56526130586
204496612452
15503000584
184455570247
185703817193
108157635108
184324058813
144412428697
198307533337
206875141226
4504325767
51833191494
147044711180
133927136889
174125007710
146006483241
13527903850
161950266327
150068299723
108517680508
161822929732
91571534550
175424464348
34137551160
12135583417
31089029619
156539084767
157552977573
125879919465
176093645959
129591984169
99876139555
92869798900
209929156207
151772316602
131783966300
192019708298
177766016708
103158128195
67625821616
189668078972
158410745507
117487537922
56280830447
199317346629
108613545033
198145085478
177140665270
11061198974
74132020998
146502303090
11039177448
161964237908
172463360992
154324536662
61567762857
212050189794
67097544941
48578057614
134190348689
187896761622
92586941191
107867642898
98905493315
108662930175
150708040608
109904991783
128786284618
274251385
52680336455
167209733096
203113484488
190631285147
45273627467
107084857072
117626315075
64958799840
172736818752
48475195222
1955588696
33491991130
112503709306
42927796823
204297424996
37737256313
198705475260
53043260173
62692517576
89549549252
165456167491
99300113680
40871013219
187361268158
33757380049
92912004758
37584448681
135591749599
204356494055
162112356802
98187748806
62452977195
37198594368
212437750863
103847398325
209126704948
90337977747
128388244073
15178502005
29668812234
29468440141
90397028578
194894515824
196182317076
4779177432
146193268038
72919831489
85049260865
126566413986
20208286622
213045820371
55160275560
28462998965
120670026469
167425419396
188836341143
103815998056
103145853616
92133506742
142802838341
38206017646
91493331376
3248180048
171250698132
141902966299
148248505784
114860927454
11615175073
176548533983
8056156060
73139544542
124510557336
12333322293
73047510151
92935001554
22376783816
190742730087
20409350401
144490301999
22858297856
124295515972
28694304360
150020601290
7107495223
141438857884
145317923217
139364013462
1719319010
185913910391
101157569674
45447958743
28742532611
123517690783
57672311117
55400839881
205345744519
150209757037
96243046440
151823983969
196493065741
38240556851
203990491778
156275665573
193485132336
172491026730
95823263927
77291996117
11769914620
39145538061
8795786691
196100526471
27175337847
90367628110
31367447300
109051939674
59954583556
140035704763
68372747196
91886031349
175391665240
57576461179
127711249606
33384988206
182168507605
69291901290
197518362550
90690618805
155922321460
150530290696
31946463463
40016966633
206173007947
32223947109
204334411712
15496932304
139796564139
121146919814
23100655862
170816704864
164507203383
173893896423
197030481889
60867667988
87174275666
187084365956
165966203026
161502541112
160544141961
73953245349
123591893692
158719289970
3392160014
174253730354
208772709479
127004094709
20786783480
190494643379
103001565025
15187012876
141846524674
71915471910
213177269222
192571754676
210855114192
39063163481
59383664081
161044065323
110637161398
110351847062
4945031452
147298428584
62254587691
183878662054
165241387951
27022314902
111471137890
167037906782
212259493664
55624332584
9405020157
20836270820
84317565187
6198044258
151103145223
210052900610
31924506992
22190059580
8901046787
60124927523
164582981806
64271066935
48000789712
79188384760
193899036089
164261335940
154083280162
90097576249
90574733161
131118119423
36318469784
96929775550
32019496593
62476785634
878570860
156342883294
87883113229
117359926796
192665957696
197726472004
144760582362
35209042723
191735110853
204736377016
7053839372
196555547259
29671922122
206590879864
110803327208
180336979419
103223032913
34003359151
132936986714
124985310936
65499963948
98782911740
34402408421
160938012502
60986324646
208274308559
163334865946
21446928664
17705727724
212629231503
61942328264
59371147157
74643912633
147886275627
125839238113
164756676787
115282052345
64935045945
212555009719
124231205273
84875183434
68402917526
22406074150
203069780088
25196023574
109229172
17784344938
81582176725
96842535739
138767858290
180619346218
121409367376
182692300580
17957210773
1648638843
8070473173
200534249213
41497136689
195062166291
97145642540
198680339311
159031589108
184690153406
89688824228
172093329087
16346277763
54037448758
116567444610
147408215912
133929386050
10445841682
117147828938
70610958352
213983292371
177513196238
176734515216
124033418200
162831563852
117636040078
105474969929
23493449485
120127357540
136784250774
104230578439
19620145244
4095081568
37450219506
118704327475
186619491906
187072583746
154302978076
171855036945
213116820330
31965184011
205747388674
78581010720
191619898861
139400629747
202102321210
55113793582
116105098354
45612113151
98912684383
44391076607
177343789118
89757544123
103351948724
59385651786
92386578098
52614223798
197616576001
39675437977
149293464714
144500915049
29618175015
28442685725
157185766966
172940946606
10381673588
188208496048
121576167624
84740510452
196541078347
204628557551
95554523028
35431032302
9495574825
102854759208
101405254287
49609663023
98618875496
153000001386
135540328466
60447433015
73076825810
14179615508
76692931792
144804929515
66771758168
14776194637
58526802308
178283340928
149724421233
13573338374
77208788315
77291288366
215202291403
140971981325
121318982348
49117604337
46254128061
130023595286
27568855400
19663228199
56800163778
69460206487
131932669001
152975894895
34996845585
111748428323
207210132934
22234140146
22532447510
92102123884
98817721437
78987333789
178474976132
41057641982
108672004206
24139779234
195922077600
112644990125
54465156111
205794202968
114607172284
145058192702
148397884516
137477677344
13292863779
58302237641
120369913512
121276347036
80004457697
121423424386
92143057071
66490916803
204901567303
143146915169
181662459552
207706722814
188485860578
49394200424
60619415263
172766749123
5770294671
14928945006
87233413851
72235300109
36021438206
7241433403
194672579624
94619003856
115319194747
107985499565
28654783897
11089979652
162607152065
22210661039
142647875045
214871789014
75581321014
191970733847
132177380477
43852792350
80581784575
195514534851
6526980327
74111823346
43091511144
108394080576
120724500923
20662410013
99815487037
2291331633
131561801102
185666527250
65987962214
122863117915
27782467663
35171886910
174081452764
93796676049
47040976017
107552204921
108841415538
74544611041
65779306251
92172697873
194068159073
206793533114
36736002846
9878641143
151408928839
21708003726
117803544942
145154074685
113866339614
152093248617
109528427516
209799191311
76947939645
88950162379
124105812011
199137285962
158356533517
135364522097
32552153131
7111621086
49605029489
154385444505
7276593868
128582362257
39280579397
58722793720
67764909769
58940910700
127935455331
188815418134
185250224023
205357669799
155025733387
158560776923
71062410356
82373710606
128602171706
195674801201
164520585172
51694524684
147984458951
106825295728
2542737071
69744178041
52820178941
74384707005
6632908862
141211069291
77321620337
11690562074
152420191908
197473853925
96818326758
193652314540
77268361062
114673747307
128775713370
157824162628
201127519500
135182674262
159017758320
133663019521
160714912565
179237501084
4653642558
117696423854
79274136578
45389082396
43990908980
208318388306
14317526313
44647465255
65969227903
138690117348
119912405248
28660375397
118219296248
213094692308
155134338063
184543189661
166486184859
48961195206
114993770704
175549807927
208904564574
119194743600
72851110239
32162071753
35593111287
117443129885
72051789244
135021595189
48752697933
75758130069
143540139895
69164502024
45316900671
174544791241
186647011787
21622912602
48787146781
117731470509
109758172425
181988742181
149414816866
10201946955
13250650175
21983583909
166293551296
19500477500
148661765396
162711012625
75057705363
160017909914
189459242308
75682742571
141923322962
87636062930
123373719512
110943919373
113294637376
