164789443847
15989163190
102876055573
147518023397
92471220820
33930775650
32197018086
119406529282
13817391368
156548757216
47357309282
190403454359
39481265835
186719708837
2645359081
14758006450
115198683690
168298487439
90742395011
157996635167
17151970234
105645773652
116581009743
18383634967
28344888313
55355728100
96579970719
142184048077
160262708322
124525919685
205851119547
63728743193
10008481789
103745762124
17242746248
10833869304
18111409707
119736436146
205645917293
121019117767
55869914795
124373946222
95909004988
69158780594
1627598406
67379942055
62243855344
33292673184
14190790893
148032051602
73621252938
172484277801
99883662033
192226618474
110215685745
199060546365
191499803242
20815328093
94612980766
97536191519
38204983104
6535506365
66964637363
71487831541
83534196913
93187177479
126547129905
7307668217
29206232091
108693340620
150971235723
142224709932
126090035206
68392555184
114517085267
157066938494
133883731203
23239466232
173614344746
206794144086
79175949187
54727408971
108093106554
181632310649
99912025539
199526247538
173433187578
106818430577
201752697938
143459125499
195329396117
81215079093
96904252542
73243979709
83066961960
43112517699
142991876719
59177489758
176211672365
152671739249
4380474577
56266884137
209054089528
113759750909
59647547038
61048706296
131022082201
179445297646
24804252588
129839695176
60941927094
143580252671
170939632880
153908342757
49948595780
155430597950
79143772139
198696409235
192315354728
181845325943
120607833277
68512115734
207497280655
167771116811
49348626350
8225459003
51571820133
163692245982
125212705576
28123667996
1434824457
194636810581
13418375534
46660105299
102411625467
158930428269
21629756487
188990936293
132124442405
180811618828
13366822503
183954455693
84890763460
74144297934
153650256055
183301295623
4141006337
160697908
52744073517
140579285537
79420051302
173511435255
146426000579
192196227053
41921696202
172330892208
4815487396
19362699066
124652690991
53724350613
41459068712
53006837075
163230157810
168372136435
66660510827
39207617503
181537071654
84983167860
39784522557
32934986207
12054591844
105513650765
190218251345
41394854321
140949652358
182395244188
130166000180
183866814028
37761919514
147118006021
25965487879
16811072343
72358608818
20653513286
112699836343
153027474919
167728225053
1164356957
166387352489
153490412169
34029402376
121185501087
6607047538
92811404092
166941722793
29708201956
141396679562
170552266341
97333994745
81444999050
138435756767
125646205063
17565839604
9880747143
161854878646
195011744466
5675344879
9107664778
33219984505
132927179691
85535352409
2697939594
192558005583
207303428317
64693343363
44753793506
41016460810
19512287812
138140174917
15104981184
75153975487
151340368580
149242228916
140202498086
175320642555
105859481639
168440217644
4866508139
213256125517
157592645509
23021171014
87761975788
182683482025
107043591771
56183479565
89478376073
46510678525
119618793184
191609609411
107193525106
213688503843
183262968464
163081848971
21721655015
67891894933
28533191686
80989486540
87145147526
25182691694
196196134691
69842812374
209747619709
215695744546
193699005640
165592330617
164916093674
162039389792
89937912489
185372080736
185759806821
28280594211
85839798760
152386114399
113486632865
128383622036
7296318224
77920578198
3297388149
174457742048
131002219911
88130614405
134322115704
3192996478
107633262529
80576724758
9097284299
148200070805
80409325587
142947698560
189780353332
175117060281
181488621704
118113343472
77531764646
61885386102
84474632682
123503073657
176960633750
72419346271
119200099703
88826278861
87373304328
4896060436
109324258809
11859604445
86019170351
103791352740
127375709244
32390896689
100003368001
96807721983
35626547969
8338337386
77416677050
17292273599
180147590196
183096612873
121911379938
166406473606
23798698955
158961301918
57594358793
163709358542
2809834999
184383680938
4376358461
110778536145
83118400955
201283948629
32471801267
123443570128
194896744795
204863355559
55630096344
111189017024
90585639685
92789395865
92533041077
47775981148
182663558173
1961765502
110082776001
168306920235
185803937783
209189322956
212846787264
120335031532
32346407947
156500030751
19936497233
34978558202
207500516501
75166657530
191211722986
167739050019
192811407557
155176478888
97773809105
3361536569
49802011690
35817960963
211464942607
31959297767
80740310448
162537564453
29035540353
166089511853
144657825897
132012566434
45239519793
13271176068
104597734711
156739483693
197000081884
118633817117
118314845042
35754490530
166228703315
108007450138
28618732091
73277404114
98801246683
91181373918
30526469280
102111572300
27731535314
119021293168
168599776109
46561793621
136944098780
173648672354
149879806400
127263726325
12319305046
17623525375
189150322795
30401132785
187870482192
157944216786
26720486382
22214998985
85933537419
169417476280
124795174503
77640138319
6065370469
100078515297
96527879798
202929482655
10907381252
143207866517
39926528435
196923429729
126068370170
198897065229
114554723757
37276521568
74469683111
158199405866
86152243255
33560845596
28472169780
170246792261
116325440490
65934654043
45715192555
195852519383
138451800826
169094332763
200423989857
140585248339
18739707508
62410669350
126988993893
35804417067
69191010713
96742626582
47684899620
74513419737
34120037396
90017567165
119124885440
20870090678
144017724736
208827659337
18713000975
184538487119
150138188258
116485818573
65256462286
193547416688
145129969072
123262329460
124502824963
53836847386
2193752907
98155683836
170674955933
141568962764
68332795461
207635681632
82820832633
150261547577
54372784509
99456271220
42282648663
88159230681
83170854076
191782092677
170334795148
102317517266
200345357672
169030890025
168134561283
190524020002
186064681970
117142982861
27428267619
210041441284
20474937709
187993620398
192561223521
175582145524
178383609104
23725214612
63019858522
56422174068
73848725827
145190698794
78450171515
106568161340
129239317556
49434725984
176723199302
163002402399
17319784084
91211665191
19898887469
167876633814
7148030551
176940167275
200194021480
63933769018
66097854528
42500319610
140923756809
97899560501
17922921010
164670366623
140811483047
56236695165
109659395319
137569021337
210530184243
151250423723
23979999670
108381098639
177310867710
115785578317
59263008799
214695661247
38786471406
9740885211
102639692961
179374584099
76103506844
212630505404
34124392494
199358833157
14353684818
164234990612
68444691687
67934339198
37553101603
22292371408
134459928804
16205502446
77415576647
119517224655
170084174398
21448558869
89197380246
149828532388
52260321733
51345049456
49474536959
52932807224
68893475311
175708398622
22328818683
49289406119
18516024025
125121670552
43209525261
15953228602
145244902918
109166140567
191447769403
134022820903
65526608098
39014910738
2249661696
206691076810
76567744791
98306780486
181800739533
8787367590
43019145041
74844621402
144627534756
112919918299
183385640219
108296355384
120019589353
39956990919
199529999098
122739667977
17895529936
43093623234
21884422483
37300285926
86462785817
118750344201
112289297187
47171596456
53104917855
151946964906
88260179494
33955191107
198317032330
194147921638
4627500754
116990609372
92393121027
51838720251
48793614130
131717832785
87728664950
94523630295
115362371707
116856169388
109865401795
186369481513
9823449878
102039822510
20536103666
43176411302
33576057376
75607209008
16129484227
159959791946
131913486907
2113855251
19636955543
97556988836
51589898889
69262788780
84535182804
108934251325
102111575437
66805330383
6396548082
100583831607
178425515604
131489513025
185075911085
116584764596
11607034987
19277808068
96234078834
122922824920
16724141626
154200475494
206988852171
29740966576
86154111644
31613619033
17350315510
165795381907
166820729368
145208091183
24862075423
194944384533
204370856644
111306192555
147806757459
43766397501
62372060847
65713413518
144734474538
176391025608
28512101927
180008051863
27757484008
194321908168
27093215586
33989602973
161127495159
119555137368
42452637301
199297604249
173759209772
200799912050
207659087504
180385485465
40601370709
16471799476
55838973304
26715035656
46031049
99065464352
189787270085
149107809856
168020318260
162531778780
52629160419
98801243565
1202368058
175654495278
38344263118
38740701771
31446868061
173104002271
110639881661
38258472294
102234274179
149266455476
81542713830
113579544139
31926769103
21754265198
210993490494
159619469393
106388041266
32900428178
109123399959
162565709650
164947637452
49247623551
63661208913
86468324266
193539465089
72516905071
119920411314
148497649684
200192029959
163626800427
101167067941
130617761231
57000092004
76576346652
8880314575
90479231948
146901018318
164496526145
67193347812
71278068934
187285756240
8857527159
166069578453
6723390605
55575604002
112010738075
22696435791
95374915143
73661989841
38826398067
163879313939
85485189040
210517665449
72829514267
42670597890
166866545734
123564575305
181485514165
61765460801
3645170081
146740598595
2297201346
207832811745
194912624594
47231160097
15037940726
118461775695
148314787456
20164664886
78994812742
38485338038
64445886274
113963020106
158101894283
147402044203
84887389837
3814230702
172797712309
62880526111
207270015091
17210098792
150264671835
215030640898
174835168470
69300683628
96423437258
113153911655
191028701522
181963432878
20141516074
133590330935
92763631673
181660560279
214982656036
100184495551
183326317881
42420131638
139582575134
117300404280
96095662569
137083262598
93141717529
58969489559
34926871146
17024517805
46232718042
22917959213
5963099835
96700092373
110695730089
50909386045
168368017038
201087117034
24742440714
190023548697
143415737672
35559250145
76887029475
26129756226
141270347056
115795294679
67570246429
150787558953
15667115136
89109755839
201898836628
78595861035
199983510404
19422481092
83421735981
117483880349
72244067909
23649144017
137323808031
126269915477
114150341305
126009764892
194827124653
33979443752
44051745616
111364091532
176162235774
168891459519
178203915512
62464011349
125699394849
60084214506
168150688341
13092934696
161265149650
9347450439
166147249180
91188767227
27957613713
111569117476
175337026572
116581002639
17499423218
143184948518
90479231332
14818388981
64110090657
199055710038
154917139884
84634201347
2912175081
138536999401
33983641050
45095163806
16249638722
168400153535
130911118726
36260552817
75864143630
33535561320
185766625923
111545017155
34828975961
215789812298
130630716870
143844184323
14668973501
171968861756
11529428356
62663782460
20982234665
78364904842
52892261732
75351540130
109527978257
182011458700
157145904561
126230472982
178090828496
104129952378
171651853074
67128092884
201963708407
124678389384
151405509948
83551149077
37624731303
61671354379
37661374537
71851936817
108676084193
178985082577
29171962222
16483943757
189053337285
199730550344
156748007148
189762071523
154081423370
176850849745
168795902818
175958819197
177142555777
191229812123
14166638505
75045649001
17578636410
95700552960
68308309985
129741632220
163237260425
104411821917
191411006885
64912795063
135690846881
135540119945
163631658263
14241333158
82362941
123171963995
113986030857
180968643413
68867045800
82163765433
194801475583
17665568425
26073045810
118052413571
10242967282
147612950271
68304374523
200185719168
165999530748
205630875556
55726020400
14028143048
84502076129
215464009357
180575666392
99151487796
134536758525
148024589969
74075702315
131175624743
74723569176
182963655059
174104830994
78181329545
20003848376
93781495749
111118208826
95291628627
158208141666
105943999460
102790074849
174746414825
75035757472
127894961242
154630907722
135560990792
60033684782
198219044347
145007931601
42105456511
192521527694
38753363744
10586900365
46286514358
103144653602
176346110517
64907598460
170859204281
23039590912
58693375761
87683937646
213688939769
165248736602
51365120112
101991705036
185419182577
200519241524
124477999065
566574567
160064413852
115959818984
184822835043
189967585884
171780403871
128758861361
40887673725
32877366677
117449975019
160766801975
155996671932
214149286593
2346822304
208730444655
112958575477
26863648243
204439979950
128628102766
10567244302
111125534700
141758874628
107182417672
174349738332
100541129508
184142634774
104050793558
158190306521
88425909276
121095690316
24486989614
20287518912
48255800012
25758286560
92409036740
8653107399
148177353752
209715811589
191401861207
152039082195
66576103808
1788290174
71734174266
157582068956
152204624271
181418151535
113002082934
138397372854
160278392790
3761116696
54259881527
28156145986
63816203203
186270535489
152855365745
16503713862
96149263504
113907519651
18858483872
112294279326
8789928318
152554634834
112906639827
172594953018
80793183804
52477118433
37412398108
159267968416
77770325536
114797805111
169787665681
33303743582
41483402760
129201413436
118913077655
35200157939
86489627981
134618948710
1934988044
198162821046
184577406820
123770558513
203631488483
205635837722
185174702451
178716517921
173005205071
117257009002
91491149187
107826210521
202302722681
109592919729
52702512983
209005396377
62254017692
181022184949
61423020424
148150467771
123819962990
103264802770
182147674521
21612921248
141372313887
189552077099
201095260256
157454293786
198072477904
133579495788
163919748724
124415392991
102749544819
248669044
42339059670
102363949083
25247770592
215424318965
50193790927
99060633989
6460657727
88826283404
125549587130
44880254547
108597570003
99667144561
12173472913
126578499107
55493423666
11163211800
3742305382
181188933245
120513134810
58299571278
107460725942
126036863777
68273066037
77686031696
107440615243
56858637196
82732360321
11937030576
205652592995
66646717357
171480513186
60860126503
110974074403
191882804369
51587536803
124965672821
53299393310
165355130954
60399957229
40088298392
2297199745
177479317374
202435917000
196042785958
140223695640
60633737964
4944471777
138110568850
11356832313
44157158689
184013957397
94939831699
52457898396
107293629637
215336107190
86908118871
197281543850
33734916939
65934661130
23904462595
116196409274
83936419171
105786684110
89067166395
66253190319
49112047553
71629376742
178405624378
123731439505
137087458106
163023331212
149524112225
59821460883
47513911757
68786778622
38339137274
98832725403
150300028535
131776103608
134920417599
71338180348
84516931158
57233006705
101982002278
174499849106
211344550705
49062873355
190266067299
142905942815
72562130412
14149367205
207322893435
90035444614
199810367426
169301756619
203837920757
25655153027
135478724849
204487177074
53902983767
188364409362
41132957182
176626959944
205030572942
91548700521
69249892454
190485723910
203384728455
204431684433
34303845678
212498389193
211768265644
118158687347
214115390245
60580774824
104920606184
33606187411
16949972431
58568046621
125165070222
199506791131
158545084536
205529864153
14666869627
123241980489
48671040238
97405950978
97828913694
162070651510
132229354799
124934018824
132112348488
6879380830
149777941582
8457517920
46946785170
32313263544
180368104519
59500721720
123564574740
151901800963
180494073835
211599367258
104555129215
107046883538
185008852357
163374596698
16607980159
12458621487
199697261276
157554909479
78753147154
198289542091
60537848960
2038239341
56319576260
182991910541
16401483786
94251374360
53820641136
119392023499
124092142862
15773522083
48223764301
128543084947
36708908555
102613286507
115835146271
139504854312
92796832202
142104449317
75120380501
195377891407
45852603251
197977397385
40485810895
107140550339
10399167848
123649981604
180518565557
55711241528
38093935090
69883540542
74009421234
155311077797
176197822575
207618300936
4251161878
4852829960
30780875046
123252813029
55545166071
200960485777
163132953481
189391651927
91106218091
53921396462
169531558344
144920506836
205702973196
43370973960
165755192977
207226360297
172415218710
158149856142
156227141469
20232830356
54187519645
190940595734
57030017766
79350946343
29044071908
63626260731
156792491281
170517442744
62649960926
117632401310
29852541892
178346676159
52209246596
170464950392
64869643125
182680184483
178779064340
73094931625
37806523005
148992215478
210410024790
126137291182
65764185566
49960537072
183914823472
32675732342
188730281856
12054601491
27597983681
214354288623
185275105825
147355653267
83821306313
133820654874
167492264384
214838278422
149852236542
62485025884
47057104971
156026252776
199460700504
126774574935
139292068553
143124209440
166698933021
139168113917
201159229040
159375992522
183703033920
6607042356
68384649836
175446552185
103530282247
102820382062
15789527498
173685118098
59634960480
35125806468
92064576286
105470846927
149860204525
81990098812
34964146020
21174871011
127254602890
198290631829
112006039456
94267336298
62241933804
99038724157
21185575588
40792222958
183059286260
129449055074
168499401973
144815036522
111339579976
211623776660
193970261838
141049436945
145850554961
11562585951
39572160492
183884890881
71154011289
93175971374
192852205504
114424848485
142005812509
210863323573
18997251737
104340532192
78324000075
62864528865
102860501492
171181085660
24474245039
164100254474
134536182695
155103091627
201548670995
15229795432
74328279715
121003180717
20032805910
47109797670
65008198332
82664212772
200908791026
4117589070
7354994547
136457984699
88774870930
19456727826
101398388743
78840968987
468778614
136087259431
89530126866
58917413713
110391987924
214746327913
43317805266
190717195772
82997758468
61329627435
112438948724
213047891322
60591542770
150931606649
37425662614
111472197647
34528913176
36086404780
149494757474
83087473183
36572593090
166993139538
135555708085
59232991587
85381028760
75377276241
87806404776
91352979887
91749455863
194262696647
7419874409
194593670876
63775421684
189583576285
69312827260
108191240405
189897604328
105029297199
42399440743
61358558840
19918339000
133513923626
11576042777
91318868576
129274327427
6249706279
205178774266
205227191931
18012491410
86343898372
163984564097
120011807721
35713251014
207427008767
24128769093
26269672168
111870339389
71699355394
101918350042
68710313460
119137878833
209692261101
202776565461
99162565209
109427201611
34606386447
78709898149
191801418870
83288037195
75709622522
114437751889
98600685679
1406842409
18917918633
103586393050
68538017912
63200816216
163686480080
53641361283
161517246911
11554142840
179317291989
56446966710
91956499033
195139007915
4859615231
202215464945
16072805485
7846009434
68731068657
188579417874
119094229063
133232374361
152830000657
110359565202
23841037013
36878917589
170544421421
204387007605
135186119495
168120300558
105867935438
15969121305
54799905642
3503140560
102632595216
45664981082
201571381302
75435711794
111273305090
48460327444
18812877420
205175730919
74781257749
50881877660
35680760089
170775611817
13873171858
2045050880
176632757834
11261544107
49522205496
93500588335
82911199122
127717284246
15562547603
104037407157
69931056391
199103575636
197995252501
2556529319
170932319272
130972339732
175809320984
42458503288
99103311092
8589427791
114322933517
41155830217
120546941641
129128756988
80357405238
9680207531
34273815043
58710771541
191375245695
203766993406
35189461450
162383344178
76673891123
15098669661
151735876544
30921528619
133565187243
169578934192
112224984927
128664647966
103608677985
69501953018
209663422394
4306956487
57340026413
172695361498
31484274696
11124469008
73444163148
141455209533
203275258533
205140156998
157568036918
139575033871
143151070498
160722254430
154977328355
3071385104
153774494935
95003605412
32376055417
137930281354
112374337123
61053628117
100983185745
9391347161
169758833014
196380359063
52763560828
96947997959
49033754447
43410920597
57571281659
109666306689
67558266424
207379404028
141895941546
2499541164
28768323461
9472872334
21497406832
22360922668
1865631252
55111276893
213064074013
12867107083
206910457022
89130148988
11488472203
137071415329
67611255430
164344490918
189314414237
110767231326
122008097263
210334399429
143426443876
55916238703
171201973559
98440476767
61857807941
137077057519
7221822317
175252018179
121791769568
612122168
165711313847
74677860049
89564998138
183936214873
107460739339
47343897829
74004401580
157953582900
8539749002
131397147680
206868676617
79126909498
171766219000
151021265409
212771564538
75947710470
9760900981
62718382283
111971544056
32873267244
184084350717
68937550316
95029424145
98931975235
15026153860
32493700004
16994585941
191900654996
79640759540
142666919189
23619837189
79246686842
160360890791
143729189751
141344092206
6008855933
167478724392
110020174877
24470367037
99082543498
87045264824
118688327452
167856512192
66363573269
91941939338
169791857608
179013504974
97321323910
164450117875
59724411543
81071748564
29078474457
26694888740
61293354963
20529330816
82842570836
190377841412
211753166833
165011225629
37493325097
118245265744
86572287117
56907784973
54754732056
85065186920
197055424753
15773513775
189896012937
103763450092
88887592221
60933873686
43442734189
128006078228
7056002138
126894709750
200502633129
191846632210
169807658509
212765548875
141474580393
50332032909
123010374015
215484965812
62056912925
5070365528
132706235334
20845116098
9920995862
90582983627
129648783960
90128696306
209014173246
106088701210
103135999598
835086554
152139822070
183828585295
47079345337
2948250983
101791058439
53792905343
183397576360
202306731808
187263141308
39834469093
186809913885
184337892195
133246716342
99132196336
119621832026
153512411161
40591954653
179062553439
194400608478
136214067483
67786611242
168880104013
159597830428
65758908773
171065295431
153457537929
89554981295
211304263003
87744965812
36386207949
6883489224
160495647174
78827665146
172617335796
14152250776
132785911613
11192907825
154085354852
50426453274
25707609752
138681864025
123256632163
162354892816
189884362110
173624950297
166075374962
94362105381
72111125123
146087753396
94022239309
170252019999
129375029361
185342530256
32786097989
7443409798
148745278944
42161888690
140289374705
145270927698
185636748311
91053619145
173255800143
62669281216
146422209319
202924002694
142212445447
175670187469
123876859359
206954057036
89335081580
173059271034
11691690139
49293069275
44038487500
115285110583
19941820075
104211240634
1252796345
206364788879
111433573003
81093797049
54574525972
126064115275
89325432433
179088230347
156467413887
115752773871
76619526940
109310017
114678844833
35567039914
74517117125
38389641541
78454919869
155147050579
189615908883
145940985312
20370812968
42986973414
148518073072
46754695991
211668484767
214671301687
167622589079
154652007466
62111345021
17736749578
33412499925
192777439438
151035123277
88874394446
60218760101
176090610122
174279086808
13515758056
162030812790
83816878203
71281420100
2767710043
87424349856
208960832619
64201572108
75511780317
147434544707
37409411180
157353222141
113915238478
166198049089
164122285271
88756708010
42856222866
23228590942
134519988227
8296388800
1964892096
11765963759
48617571733
53912490857
149186324786
107810066978
134649960661
12349651894
75158158186
93306531708
90856815523
67648651555
63133020749
115962479127
62264898332
18106243158
106760699519
132040545580
12930071136
51264193946
55235750012
96263734412
124478002339
204374914588
112290343875
128652023664
138356893409
179823692962
40289319672
155609267582
104439948257
84864516144
147324821594
182967780909
214321492438
58975801721
119492479146
41493684670
115285112100
184322269723
157032950684
53541922555
99222566293
178739336077
54569502168
190838217321
184886422533
202432200092
3957183345
104508710968
25992347908
103753598537
9601737306
194552702807
177661421253
38130428626
31957190248
194616505658
110027201973
206914901229
111185296813
78930778007
163826818543
117367986975
8153362153
21087205443
193742914561
84003109300
205661802292
15931764578
195542222471
15456083340
95484035057
101862021818
174217017475
38014588375
133797040664
26285621798
27509222307
19641824762
45089111743
190790831851
29061844142
95884514457
116199677925
50962733639
27763886310
46520223985
56810888859
18844127738
68979739545
93517619687
31509277309
128721530885
27982119502
809201675
111967315028
25422611683
4202841976
49985862945
205368898054
91057522033
110497361607
66765554397
141251128328
65066762785
169257146444
93138461349
82120680697
33952345518
128582988862
8584109707
16668611879
36963587600
58738529608
7408339688
75433029562
79975719263
103383759920
12505831209
16007860054
40174813258
67107546233
94455236480
64856395699
148251660540
40805068024
1073340354
1814986894
157465163164
109825622850
209012688151
8525700108
33058337192
72367403711
160646709808
92917304443
47616267945
110633045959
96814554121
67524410591
121375308483
208180209308
144211260949
77356861617
158010463343
13539483429
5161383588
120057270376
96737863267
89266084811
147351857945
158519452849
86608428171
9145223904
114730484564
54865991763
41434835714
76543789626
1742817014
35122329225
146632772476
35956017446
168162875242
66339111966
198614804533
32970046636
165392347923
13181960367
30106500335
111772354925
18748668858
81678413975
220926661
166773840215
183974309200
57835484986
3929367849
171695218127
51609316979
174076142775
20283680076
115233804789
187960040610
90043405782
158496235518
5426029627
42735643914
205463899943
44161641509
177994014176
9788955563
171908023739
168930112535
13625617467
71285290530
108176175940
22894762286
37087026319
119681412510
178797494867
106397523275
23761344470
144144764266
215577061871
29718271973
173226523790
65584757788
28311452763
57043126349
77950559390
47619520856
97518928311
132250291775
7665158709
163302057649
103147204057
174565076653
114782776389
3005743110
204992195831
64702098470
100576671540
15897209587
139070849357
106801940663
174458653408
95456454168
104584521066
1249148074
198136545064
178365301300
108261389159
187566234173
111396065917
29834985638
74134085891
149916923590
80775705121
174908795832
177138496820
117178428388
21668187833
214122435450
157653585783
63603623841
97664098393
189002053358
192691168757
87063746643
173059690122
205983966951
173590733018
5714200631
87728656014
182494846974
205801660219
62149165133
184847494275
142386122676
194436118822
129085953898
104159547981
16890524868
211664664172
95653886987
131465718303
153548184722
193016949570
97506106137
54129289233
20288450273
146805585692
208573273205
18524955576
162274500279
105043357132
152508032167
152955053537
180704083045
41663454349
143940137664
173371181405
115464950890
203657719645
167577511590
186738321166
63161780979
107093894483
185507152193
123470575926
177914787774
108494644188
146430331907
29462735387
60724082176
207596587729
96016353589
163774684504
12508349552
36420417179
99317620936
164707896126
152311282715
78165713265
48008830322
73908067925
166959374875
87506387608
161986631464
82099451792
113472809347
115298851400
58721766795
110958957948
17798730036
45725264614
96310488200
130418387604
200728896940
127905710296
134314164861
199341890843
130656010485
182611278904
83874755380
69102838895
92870122902
189423124596
106179572445
201231947236
196945380183
198670027236
167007632804
104064823088
195398955972
189108112848
84372088466
125254417181
90017569133
208860616013
97742509097
27292707127
96584030200
22719199371
32644920079
133614759058
3601742542
168071232318
64434067459
50014161834
40988104567
40104875110
85769069167
179474848713
37066623550
77489744931
21504747028
201894457662
124299377145
104800809606
19856619568
60508558496
164023615947
141731200730
19048769711
145150328211
163884781417
3748593726
92800914843
34369018912
69359492871
200282423819
80887876992
106941680834
141261224262
171545110760
91130075189
168717724589
22711365409
98117725654
13063512721
175864260743
133566785875
206688465964
138285279444
153439340187
83685663468
87327370295
108537426977
158152344202
19597602827
199864031511
48131837404
87528175903
89672818956
200758205279
118737466657
46121691782
125271940015
60913475092
26257828064
166593821871
183672237175
109307070907
211712628325
98298067703
17716972869
10693885588
92881492958
154364727564
135082970689
209988921806
202433598725
126172124890
169849184370
174112259766
58472537239
116821977829
85786953744
126361559216
95563206667
37032570835
97797989050
130911109820
3597792994
71943720003
55177338620
128687967283
2779019617
88385340006
203441804006
102892410625
64397912362
15007359408
186676231805
116319518147
149383890112
167252209774
50686384674
13500995035
5271404376
61047163844
75178903432
82169459203
89761842003
103322055721
203672661719
80966128274
34148727446
107875991861
35235405214
27428254131
200444961062
111563096796
82804243933
33169979166
162979414698
189105138373
208667116814
170353019396
213069411091
131814341615
20183060072
97853196467
171867441064
107012108383
152200338169
117541130444
207047475355
143593269666
27469720083
116949928362
199199351511
119627076159
37317865551
10724557919
162919716727
109598096262
144933019052
197629041221
29001871978
206010846397
106515367959
74558780489
71814236286
195939084216
49348627610
10331060519
145139560507
66533954349
1617764609
36406726026
46489611259
212976280113
87019332822
71620816371
63680519207
161023344099
17558808240
5275706650
164405152271
150104807455
41056448534
56383764030
103386213509
13326943298
196838154266
169293437733
208229844464
18321430252
120720462812
41324006890
38888498516
180660400309
111856274795
90607575613
182551718914
124162128271
94743528869
141786955942
148988514491
21596829939
189186240707
33261657268
156074633717
17845459271
176287401069
139916036367
23731047369
117452487135
116653714093
141648843751
89761843561
3498726096
58861773868
19561926252
29516835366
197184590455
47343900612
80830831744
13779140885
108433297793
61387755516
102293266375
166763034720
139637336353
136377738705
104579705728
102548963116
12039435658
15618663896
189999381981
215763469375
42708920964
10085143045
147620859533
179353209527
95239510907
37363464428
160718470419
48282729471
59073957159
141201414444
123107582715
106143682071
35816735624
92498331544
29089443030
202134251052
148274070979
143330242260
115309789939
10729350667
188862817409
212264025494
89820493422
121864388095
155650994397
25542272917
140167300097
122316686812
26547750740
93765764508
115303884458
173728507116
169353434986
65671120802
3724381964
83936431100
45616909617
76746376709
86033741487
55378881222
42691038969
25750831809
91041056326
207487384831
80499526875
1620354479
129714164245
204191993591
33807522155
86635030869
83626489898
175882429887
117396922264
124404591254
64367231126
176955684506
134502812368
10337425948
112687841810
164353352697
133065613236
51259116726
59316355732
90158071947
136065771305
75906044051
62950822610
33695509307
57483803932
201934936736
83319741737
109945185127
153282739270
154402098362
88774873645
131359536146
132354384622
189821947321
118940949641
80219732695
20543468432
3733072621
50138811482
166307252768
26365381849
77367994042
19278371323
82118898227
176884437152
196344245692
179312554168
89381294434
96859902929
4478062221
183094555978
163258004230
980699900
174947095727
170996314890
17855050902
155502421533
192190874920
180618048618
54689485954
4187647398
88774867198
91456000331
120213652690
137165374896
116558057863
20336619122
108887520800
89995044568
146504046283
64412951518
147576398797
162529989219
170557346587
187238201357
43430388268
125878894990
183393741369
49276834008
61800156841
25497977389
134216436809
160202489502
163275125785
7779055456
83610686380
33615385254
24132881849
199457275263
186530303871
47576321133
90597880499
211377229320
202246427601
37834575686
193271583078
18765995968
175906103779
12425760381
81968430636
54202320018
65372243254
130916972858
105877305169
87229229757
61184271004
88316297609
39296191112
39354977942
48223769153
331055972
60568883509
48521009214
67350335970
46571427658
68946161509
91136763458
187810327690
64606392159
19072262063
89982781404
110681113522
175213965897
183553568810
157396931596
183944522275
79479001486
86500412223
162593272703
96216441134
212259848261
198994059384
198570799706
98069238934
19585776299
141988253570
10942677636
184872479480
9870943694
136135265315
99518541738
189119273972
122861802988
75970167512
149204638336
105294647788
190419837820
88778904957
132567133104
10795886087
42066694469
206708301063
191979725482
98651992255
53996491658
130013781311
169991852769
44212334010
39580156202
160490631471
209635716919
194409980026
13067406165
191211711303
176511161467
83059473053
210969078343
191654523039
87333365146
157604907824
39969319751
35203650826
188528109235
43985961449
186422019435
33708203590
200917034601
31226775452
134323761695
177252988961
95062330367
195275484992
102117707038
187611037076
157480598461
9801945967
72305597548
48032119190
56075062492
181372144402
179824761289
16186644219
120705950439
31550620293
32042444711
56449891335
146994807991
142045918700
180606845615
98477460641
171655706409
165007636150
151338460150
81500553500
17017899817
180880356494
187750953017
102285309351
41140775681
61314642984
79997419334
57703616804
143382057937
161726871281
93146107897
58640739158
21900958908
53899280746
110616758984
88535388106
16852010008
120172126330
84587140919
138190935962
259601450
182494848681
14994244452
7824954685
148456649467
26159622098
92674638024
96489593262
151624041025
33465637811
12995143375
136042834373
99261215498
104760033908
154703005907
66311255889
31687364247
113535410525
159753177778
6416221926
5371615064
23962678522
52970776582
73400737825
150984930818
10915280535
171490927322
125971421287
133272278372
77505308185
43716621792
214970364942
162798568139
205103836565
18563294913
190569208050
7074877085
149610488483
61943712679
177014210154
128169216641
102137919592
129077151389
96906738937
56906072580
99412564681
46263015754
11424639405
194087743308
30997026633
84202385845
191465689494
38398525821
198618430520
107430695083
82421668790
57956096597
203492199678
80517865437
163218310624
211661316080
117426056500
175164232511
49421398568
60689098252
88134783922
107627640822
88057590267
96825907681
104998251303
84726365254
24106407939
165962335392
30345801658
49116281691
143700083736
57312640036
167592199754
10268142046
56133169050
34066823817
147885756233
12388238901
117723274462
31542769938
204386995223
191955633366
32435729271
54805358712
181357694519
72333328808
57093573497
114035210288
191083868740
128225290857
48744231925
40274929465
147946478886
59915968644
9801947753
198925347343
128720570344
77289898282
20372653605
204112937050
162354884050
116302799814
143309903378
204755621939
25162432486
40138047477
154819241191
126768193236
132518876268
99492203500
19925216368
191045085223
162194943306
156257385528
85709787415
41487284831
67121444507
3776950341
9291204038
129165618529
112087030865
87433371120
180825279535
165209799706
156761169724
22463215800
19523048090
18708214746
148999206829
47788372563
63429328944
3018580728
36479014896
45730668074
114233637869
89615040345
149772941112
69547086720
160808271750
212362198609
124050599896
66237855554
188218604144
113802081541
165910072179
46054499464
125714339919
131230857397
176702427760
19299337193
96965677546
11390069372
159904740476
82513295107
201188126497
165756716077
60508556595
207694530606
168703982820
14892451613
201345302257
113429239054
193471759353
136310832839
180796177673
215661049005
84425972830
2333596938
63384584982
26073042732
172057592646
122478873034
34991902623
116948047165
31694768450
207108763882
17376584967
210687355251
44019774688
106284980277
187426545810
4014465415
128046153882
183032744584
84925272920
64159297873
32716721729
155442576186
198389222110
5430603406
139681942100
129292294684
166509715749
124129620363
102309649013
104983972530
156123101708
208403311489
65698707364
100659036257
27875404750
214256659174
21964538172
23723018199
209422564856
92293582557
65206835301
159808787231
78443141603
134397175218
128490035586
175542109859
181613440742
169327851281
39014907425
150990302749
166397025891
105389307574
41376167234
162786387942
85373412871
212996154584
38311286691
154155973244
211985708241
119295677694
215234995845
154095730043
32164786073
161001229305
52911252238
6914664443
212223294931
98876876178
174262549416
215779033534
49453984261
51838729566
113764916951
134359787942
120259260325
65195918475
141953291490
38398530208
178025772762
46284974093
103516486473
140123411116
186762968684
138690140708
94546418481
204786961044
139838140736
119598410022
106018656184
84439804409
44672667432
74652384462
17370593676
44066712864
100740319533
171618621750
50279521689
27520822273
27265340897
59418135497
157361071849
48799914365
35794572599
72320969740
176541440817
196110921787
42479673521
74665136568
109609604050
149070852410
49755166650
124160908554
133576106710
166666327872
2187061613
103546587147
42479674985
5992680523
39076621704
23924716659
183101119093
51079296293
47342037575
81526702864
49135453757
128533450133
65343362996
79814677981
188622926932
63856610849
188992294720
106011487214
46830259899
206121925549
4448107040
81164736420
140977373314
122900573358
88546767354
169948846435
55023871086
3029607314
23830518797
160076621722
120099272361
66219663229
115273565315
119152741303
190316862079
53480528315
107965384088
102318795050
162333264101
124276110496
173896824864
97387028316
