137072254820
51148018998
30579672755
96613960675
135993117509
83583451187
167618212771
96905515919
18567301871
156197407709
6491286547
31840560351
76899346304
189429831325
208871074336
13329198586
193688447881
125441983947
96210995503
153825833147
195226092044
23822407486
88258171590
131456388158
85972686293
94381475715
102220650762
47880890587
80576445437
134472513655
205828549180
12264314414
167697500143
104283262081
1101726323
132291368388
55249894961
15060997651
112346728474
76158777650
170815314181
130350249765
128372309331
214182150452
188384250782
50185967728
117832365462
101770380313
155364942932
114531006625
13917838265
187757359490
151336619340
130944429114
161061397079
202380172225
118047572186
130604271509
78842126641
162964076112
130575592793
81887652013
99853981226
121997118128
11568877013
199730517012
170606259889
66860361664
211631525534
97802183421
48013807113
60771854583
191983736587
104520365859
128612557462
110761732702
36261577471
168277365118
190670942796
201769911508
169211462904
127838641405
36474860365
24934943664
65975957724
11365854207
151637163439
159981580699
187654495633
95033537882
84164961850
65036569630
42474665996
16400472889
161366363354
138918871182
184971502934
40889790909
113648506660
194635917589
187108078632
212638467902
209575612154
44722393642
202802787926
69868966609
59705482209
207656351961
96509872309
115334743684
202792342556
204807076187
28818585884
47300266759
99294811928
136094803231
200233418091
186626072613
177552600269
177305799390
198208347817
38500981049
82156269363
204183456927
73112609716
47916607551
24361189212
30443075346
196043864789
130367363198
32143930031
84195415796
35216123506
186895601181
157024122966
16799096788
97609575023
46778578650
90415721646
107253586455
131240784702
212633970975
166142134355
122157604771
3415504908
150385329890
156629985316
130226036125
97145040579
17441071146
169855710094
105337643755
121360515558
111069026891
160451313877
107444739604
25494740023
164959062291
208730977788
54468681857
121122821063
27185758151
38027716023
135449987234
148642297021
5710907793
36778595533
113999301232
190014818811
93175845409
153388889601
162395775003
186758258385
51493078031
132991386964
108565464979
34787680278
83574501403
22775915293
22566090120
46085315443
210760976657
187168913307
57775480208
116622959376
209957070532
73851405008
89843677516
187679532220
76637559668
195018187608
112159479561
199907098591
144475907201
80692679741
190270010833
205141984017
171030454572
140331842869
53712699205
193517605566
59754622224
95264215052
135198712520
173611613727
100607894679
181590601962
106361465486
160651706383
16841799304
67182887651
95411305893
65305236483
117190441729
202251933203
152992661028
206688607853
186959791803
42146784641
193775449509
62752568487
113538719360
182406283688
181061167512
36032345591
170729022585
208611366883
117824261948
108155600113
28548285383
74113198279
203761698961
60900666706
36439941295
110444511845
141641869828
36239643265
191770809215
68912200061
126137909042
133009078535
186957759072
118541185941
113574664505
66593524917
145645039119
132401157265
153868418267
87975275230
36969019862
182544245056
60362983749
74254842716
64567396272
42572489819
142809110305
183435531528
215130532694
148167282123
141799374117
88841660576
58596017585
150700303745
198257317990
200597994261
60058276370
175339285941
20986114686
159270323216
117392673312
198344226954
127322727000
93152065029
54591449411
131148380891
24127459795
167278530553
152842313761
24771715516
125829139649
64991265893
140600149713
6459512507
128524497384
70319048788
68892214198
67391270943
71417682507
85239294329
12068351585
128489480522
51497611876
182050043093
184759698910
102708166660
42042844673
116212312876
193215276186
2620208564
167792919501
65051304943
15600152756
1732917869
49183988424
4624617129
168560346248
100574693577
106734200672
23452889713
148649884664
118399831496
178553801400
156584018624
213257102080
154210806986
179383785925
169135771148
172069014247
99662068435
6242454930
188010184427
49438842973
138390954027
209248316562
113548316593
42353973144
7201118153
146096535133
172469220885
206289862858
137841794718
152037479264
109664203784
64129856117
118458817922
95736902441
11946768607
42009653970
168671201353
167372233297
158869395612
124756489424
85029930031
53885414447
67923564110
20553768255
155139761601
97485456378
134135732913
105957136012
188964760723
18463567953
210013526399
194660345493
123556887135
118364556499
31380495371
102968089724
78227516995
104782555846
130342779234
200668498041
139044892874
128486869779
102508679133
105624987532
15814236415
85073060924
23454571526
119031712454
33569162473
28947184477
157982852742
196051084970
46284987757
12525114278
10143169286
102396195485
20274701950
79228927246
135388771067
169462239503
179695132173
87246197906
3056143502
96431067347
115807753337
211367396017
147523800303
136487503234
81190521478
35816240819
108288394274
37703792695
77428468930
130357414458
193999237035
205016323908
120810719537
74153462420
42935337070
185878883517
160969585271
107204889066
78867986012
81547903694
146482887785
91917814086
205316755792
127840108133
154005555289
699358442
179551619541
28835832968
63143966651
107964789945
74373860106
21800606594
133776762527
76508182659
180558651093
49415930107
147947597117
177263352101
18021246488
30492358702
53386548259
190663384153
3241150809
40852687430
102844612125
57262963241
122049756257
202743908221
76195654995
192958522633
169551021106
102322344356
67505675644
52310518753
46384288166
182420576758
140647802948
180974706320
162868679378
18741813737
165391536255
187594025300
88481669922
18432909434
40160014278
86940027417
43961642501
114121638898
123436370728
180466170435
117940068119
69730047615
4991872237
29831445093
178790005724
119044119582
108388467257
209712141701
73842798387
73898154176
159436083605
95157825324
5407968940
58324685616
159942047608
73517027336
103791605185
190347718176
165556348803
48610469460
143455401794
1112875590
12907831024
130616794142
50384382648
93310724217
155262868192
14158382273
94522152969
103138483308
18215944692
25778201521
5539467271
178603053859
43438422279
88481153645
214214882005
124019468130
47106641487
195784195202
196268503627
112601777459
110327892525
47922944763
174253770911
96578207289
104007965701
151882055415
115983242757
103650302882
136683555825
156185226443
180626221681
173662319499
15703098922
187555921512
117747015618
3418309131
134541561919
20902940498
116780348480
208476814780
61806275581
147551947194
43625196826
121588588098
207820164629
111203151313
48078201975
116498667881
182878913400
158415855639
140720088750
53931405200
57443490305
90214316079
143162424200
170909726126
187541487064
183838798779
68868090841
151589389118
71929291046
186306668326
78567255708
140339849317
73699410600
21198574595
69118380900
5918139931
76389936859
70184479658
56361285951
20437552784
15791410210
54315210237
80954988629
607797992
85627854772
205668034473
142741788926
24647026787
106660082479
69230898471
150366063940
154247758400
70202311033
112939121293
211889316295
50721151142
84766861245
67113597964
214929952464
101011356812
155333845333
38181850117
109635951615
111665595832
70588799862
150148293710
162450658113
36493189907
48192043459
157265339978
56927750617
121150666388
59805036005
162100974757
129651859942
189988300443
146861269218
63956724993
60312917917
73972271711
212098943020
73789900205
215837900970
211865673632
123476710653
96317233003
49036827662
82679077971
46833659838
149664600363
132540305085
194787709513
7217083282
73291923973
6896446713
62380851528
113853575345
189069164893
72061172811
186800966611
17890773392
50275695354
168149330855
70311670969
161756092492
194594986575
117813532720
167946653346
191390964488
8437437563
13315722368
71419032186
109775972125
4356715166
2034395413
157393302210
214961674145
47794255743
61564139668
138378945977
49029250098
175325177389
47980501158
157172140985
194671123921
40600243507
41234355125
149111466392
175822767539
21144678935
75114612386
178964339997
110048661545
126822513653
31647286098
10137284122
58900867280
94481894416
211069692892
159632593880
144313573022
138520394376
120405391325
167869518753
58232170496
58161963329
209908310099
95372758409
69817115224
178068736730
108734411197
67918463144
84989541854
89701340888
15769936678
74445095099
80672283672
2421427028
56941352913
95806982530
148910405227
188225976617
75938069667
143057392415
154464033603
72688836578
106583079686
44105277008
40541758013
80346560217
73178965580
116373361278
104760895935
191672885123
53357112642
202021063554
46907290148
172950507930
77582538983
86980192870
125801534228
18785667001
154733028614
145725397639
148502516945
152893013856
12137558371
181287398013
15683183772
20639375556
85829733162
171489376545
48186533404
208566622868
58113769715
155380114304
31179211472
170510788604
208993391971
74866327092
175619569831
100547152773
87958774459
156679866182
210464232758
99320101826
115551795021
198931108267
35380378763
209384790016
209952405092
92896087194
62664952808
106967833420
91629400844
198679462371
3153979035
69385631327
183288249250
50931032720
87731710377
210082276047
5005678378
96494475775
139744568235
195213723757
201366040304
67025512842
58509395809
133345631218
17087531199
22864014818
3507226752
133786297413
98380576757
74413426855
85471359359
153979476977
61493528071
116486083466
62893962228
31416972106
23739209087
142187605191
152826513842
82774553656
134291399381
207109105154
45141364680
67423945796
82986184682
77474947064
92122136299
96002964302
189338570121
164665119782
11459836843
106854527125
62136731781
19290312594
176274578516
196278426599
13150554386
210897512230
41304555208
109509472237
57526355423
43095342881
137422274519
106526359792
7939340298
176827867990
188181382166
38024588734
160927587200
60704360140
94848631096
197454726840
76662700967
78682943588
206435918033
88638266007
209992610312
51474058629
61723624362
58834725311
106415564284
195724944544
29538147904
45569185375
53712531968
73600917074
7983672404
138551106683
44619980160
188766346423
17945423580
25037154397
66684390470
125043885040
130560217024
115867502417
90865975351
163748736361
42929657656
176921224563
47423579884
186976451644
7708919788
80699464826
189250991368
185208701520
215063074862
195740735094
162807884511
170661819898
35422633174
156375999445
188049196103
126740428484
34906442160
12579851973
93753428160
145759694246
92958940311
188434361837
196860875333
159107828899
168823153275
91684607110
32457594913
43070250438
11984276556
208952707785
52097079851
184008139496
170073311685
59876897674
867523221
23347223322
154994777433
107512550225
122980771708
172153620230
53914345356
143721218719
52472563708
175046297951
36019613298
198137103706
139653505800
98999619211
116766795361
102830046215
182902413325
21062640045
109277241426
92806049690
3948805715
34337240245
169792549120
2635734842
196653497945
16541990442
30545275687
25430991497
67528718679
6637180032
136352019402
96143800855
31784742032
60113095440
188179926744
29780586145
5629641659
15028872622
43704106843
187983622630
123359366665
112649999937
105303464768
49227652767
47369607660
135085689358
23764687280
1105835276
29945837980
107229186136
138880085455
63275747857
125976217767
122802675687
75675367813
25362294631
89808675250
47245831405
31367506946
113665318702
198456308669
119778376703
75394205413
111398477319
202010995529
143753794140
56930216581
117271265842
133487051289
5909127458
140065154938
70571181751
215508395037
199916224478
164485820706
197171323641
83400784227
120760044296
151839311612
146174121963
145602884243
79744192907
182076850557
74761717873
144513638651
32417474809
171664700345
86030713930
14565307169
57714093301
4442621915
62206535929
130554084466
84167171988
134815553266
56929800223
145212738439
58786113482
117652850589
130852407706
2073991929
71961880145
141030134563
26309688137
17200056658
171691706244
189337037756
165727295225
107298295282
116727674388
69305555286
61022955384
114956510670
112142952326
85021989813
104140480655
7438428000
198583371287
188241313575
148320880343
10254345627
71658313386
180320962116
33261836097
98678160609
166835212563
163924549551
172788262798
156751548332
43182916148
40031039099
179662289868
192209911209
152060244892
66632026324
38904799723
536451438
213629416742
185470053538
44650044582
190363616624
159525248661
53758526885
201886649958
7509602013
15657001489
147381205091
142923079418
61051898643
60604110291
38698753721
16978143188
8901750867
165519375607
147944512173
195372782796
80901457494
104103491254
31211314551
164492826341
185724323784
144305131700
164723672004
212652904202
169207554567
119998479473
132137017382
48104412936
32727967111
115127558439
71331995387
143039711812
73977364123
148273017584
74543813668
117726964760
174027888521
204980872492
12303609092
27408776351
163177124039
71623299553
73797224270
98321025675
172236503956
80944356226
26883386344
72485542138
127276196268
133070144809
145739473250
6307431845
121257042354
107497292699
66212610955
200430415973
207152062794
58677096659
6611079510
152131696177
114735153958
49262878468
107032355179
177120697871
158367652774
88386254577
133862261472
64347131289
187763429006
89704056748
138309105590
80999997736
44647172314
212620000677
192453498158
162808257206
126735959274
72008945671
109640040241
107556558998
18963822810
53004546308
107429987497
26323488250
119385007687
2293887674
69722232570
54021096660
131835287976
81203647710
20242536773
108402036032
60549699147
69133050557
140933994323
155536817574
11509235517
97117125743
214813887539
19618754069
135934562485
76724182482
128906656181
140591755605
184140339895
188166352312
86838595130
117221533035
366046868
29909868378
107734004092
16812175071
74885333390
192313841569
27598087891
33286770828
2154316000
47692740093
192291635925
30839515589
121647736426
54900020806
204171456141
139353509034
54264889545
154127601587
76406990120
202679334487
79670196904
194338392858
12217763902
70869986935
96742562672
63785861078
91948904765
206357085379
111816422361
24079279552
110453256862
153776077237
144180424694
190356620621
208419116946
112858020041
147618238957
130379392657
57584116077
161518037364
127222778732
94552148841
40130601718
182876547121
102625475219
120359696816
166322194960
108869213329
148199026406
43532358553
84246342559
125967733579
179041011718
60689527193
121371846589
12240806464
64135497892
160431733453
45045838588
65194508085
130383037938
211741834075
96087459581
198871187992
174517809537
175938294018
27512311591
131977301343
42653801983
187626920808
47984008285
44684329228
24638589766
184468904516
134578102892
88501927372
170102353780
50439167272
154310070832
137975148184
63375889300
19492465417
163300596860
66929021428
164168019398
96213489998
71513430926
67163924569
60173615587
174518391338
101118308487
211834692839
64300138127
170056596721
9333019492
173961345280
174323140099
172772561984
135222738340
32839742206
48033255213
99904954013
96620546334
209097893744
45831290979
190585375754
109333796596
98404982198
176395399958
86237154243
110197762150
193021011169
121219802592
194457121331
214870735789
73982858746
198311587439
132508747361
149807974757
94888050377
126441606590
67815821669
181676981744
67262600076
25569347602
120665756220
124197413494
200484151114
9901641608
214956197345
72875125560
101982824364
104303752136
75915955430
52491821928
115252702004
73390025777
126585294957
112455596964
77198793673
43278199297
118344910866
158040974358
140543660074
53508507816
160394153826
105161531343
76585783320
166427019185
11303567271
121171583209
187220415451
200219990726
66084638046
178991099006
52264501552
159540058697
135352725547
136543851931
131763175279
42046905501
106594088342
139289546334
61171864127
40313581798
29211531794
124174706399
6140683030
153021981260
4024305695
174069882984
212754576710
60171180700
47751614653
202886529069
90394028406
55848899695
145104689712
46633496999
69823917682
166825644828
54420083411
60363358864
152567828904
198833820757
109511377511
165651556361
24053642005
34486639578
39549443463
7319896815
71461520579
101679824337
26372184220
182710239323
191417424388
161898354959
177922414206
149034912877
70256553957
17992968632
25450159424
23617162215
42045478484
203360268247
168402615283
115341143897
102241078676
55095678512
88730725842
9486518097
198581601652
161911431392
141713003934
94572640763
156709060171
168299094637
3497602072
99796984410
119194797836
121215133160
175338419764
129536152304
41557582099
128478385668
207381775111
41269999045
23884385449
111955138136
20779624983
65270936445
124034325332
28254784105
73608475434
132782036774
58895646750
135541510100
162961915229
164780208111
128391431282
199536566983
63051900044
9162983611
18795294124
1467960733
94695932568
177813321420
21745109209
70632782980
116042608536
136902633753
160626340276
17241561748
58459482428
209895691519
181150715476
145111897333
17993553180
146380163574
44642805005
174149121095
710947339
40277683799
41261962877
213324252083
142021062962
163245754515
141860649678
104209075620
32123114694
204387118085
95184988929
58595793267
122370886997
208323970464
88464073044
195753351734
185314243860
59248958963
143862772878
22529413022
171457783156
188908830776
31297654758
102600678818
209049959487
84921329196
92606856271
57697615851
63373644725
75098037482
83861626873
169782056889
22674331735
195060714509
108986604633
79383454928
3755963298
22197901291
27998897520
105814018186
114601935411
120565575998
88494869765
205283185507
95149779571
164040579885
148399796464
21377853133
107409563139
132356553325
29058099308
155357647893
20726551062
68380170698
103480985036
6844468376
96207554942
214477163296
90748595967
37577219835
66554841685
101851961712
79004571968
200147098983
117210558069
22332773609
91002398422
62905018370
210225754801
52561028415
183874549440
39188859425
208893267455
185996137825
87195244844
81535007837
41441662059
191778839879
163679895256
199187351381
8484694734
76780904787
105732161780
132265883541
182433173314
111257546152
41764563569
161807561411
199151961770
45045111659
191926446410
260630757
152828016270
194680885747
174322069913
129418995283
137118428378
182240074940
118929478619
133644211216
23394418816
91765770549
113260425890
18152334726
177351740900
36647014824
134451845278
126362474977
172250952210
20498296064
59527358448
192286524946
64548779236
52477728357
83640558061
166896150831
88839624605
152301320610
116401922004
206390295502
64324844659
58820100122
54492822394
105111647595
22796419573
166621053
88436771354
22166208208
68120617271
100605339737
114561523913
93732531806
136151268443
157227187411
171659230770
162904531567
51300930125
138071901111
165431738088
143047941880
68091325954
84407912205
86903198761
98513203370
69400754199
165686237684
61607707296
169139807135
101772810277
65406532523
180897233491
54538598024
158310526535
195624325594
203567403605
135363645627
164562283439
199789527324
133821671465
37737290246
118149595677
149901473446
26474825969
193519083116
25366090574
100511640773
36369621700
205264327242
40650941881
209114767552
133590543285
123206135613
9013863701
146138724530
21586071989
94497565649
111414827757
148924361044
75771845122
151495900217
129996274355
32757191831
57898100495
203514904252
91055521869
190178674117
164812488375
180883535621
121033695157
50032840187
108444284455
31090992853
85491152946
169863268371
134750312328
210066036109
194852045809
185923983159
64841932921
102507915552
87106980758
9515085720
105314861687
175610169747
158862334055
207127206537
112486521937
207864358855
9416549581
186843354207
133565757263
8157917158
2549941017
160154458476
132319770778
45120450863
111922010157
159862695934
205360831970
93503213415
116865004828
101382793303
131039041723
191591891173
67847201906
126911923121
182911682733
94956947256
74549657353
138329474086
65373511791
26854845131
108610844512
143354059568
172758692957
168529354972
174299048728
24046943879
24618209937
144348640268
173856575550
154710838632
108581639174
122312781177
133749372420
79780668654
126328529626
191035648089
66912130665
131329422633
190988512353
138233230261
3383831260
133316119598
116620773967
167106131443
84188323298
195408642692
198643876571
36648777613
81138029397
51421056153
50006077678
77056637447
104596567353
147296791210
176754846388
42469374165
76921093501
141646429743
84905132627
132952795520
71413108806
183193445198
44352054826
207366275329
198744623347
59140606569
146225979144
24562228853
191907820388
33646331570
160621992788
155253317745
171923577249
20364365412
83762816066
67180563083
201763013562
176852702652
207553959702
149506124351
91174131225
83877953549
207057144613
98126185179
127624974570
97344288307
2751413071
163603364960
21794233498
212427645670
204659942613
197204732399
32628594484
66296231458
102092570153
214330246071
131746265086
63373183409
12181619465
71522180537
206646533931
97242331682
59491775484
70649144486
51793714251
116641754221
159970172486
70361333187
118296440490
168526370451
193890826977
15281083197
13965654519
178635626567
32992255059
132397847150
91626580293
175522064606
181527924047
74458747728
161966665985
168408170790
92882950793
4535634586
97614089029
16428484315
62705705495
38753465732
85268628313
114234725126
156910275331
69278311041
183463102094
11555695813
60054906847
161986633582
171920561581
73757603674
84672059865
17838819026
170355895469
25904523815
186044095567
32517470498
101171877434
30149042906
20627969190
164589172356
88507829018
205226088286
101046939542
89522596560
58452717601
19651303150
126371001543
31665651599
184732933380
156430924437
188502080315
29779551425
158350780445
78029597141
94059076059
91603895213
195764856122
167558625715
184751090646
72083024480
181798638098
158799406421
204247313168
39373740177
4376321447
74320857287
90212738695
21576007960
15756758895
51095753599
157284112113
65818448645
50456829730
81073276024
125183681166
55969213312
17320096214
83516558519
76592563076
163443802857
194933457793
145002132675
59170323772
136828124350
164567435387
5222109086
182641601169
111401950598
214337799820
206610214270
100711890076
27216868071
179812835752
162111426163
117402604020
123855119406
207050185931
169895205690
14740942904
146216059759
189621250129
193472328123
104460711819
118808354126
159030369858
163935888421
165279792876
190203289587
95648217096
128607349856
61730867361
48556044997
101068341506
142051728541
19522976033
186793057536
75352551635
107563207586
212840689525
36553657116
181573141938
215796056591
43691121544
186903025466
152509523459
101460000662
174193964516
35899547024
205205746645
189742898639
101903052542
37978497237
84287482293
128879133694
37594574986
108432267053
31283742535
109142017364
160412984708
52153831445
83983463330
134387230882
24264613786
113107287237
37856099381
132517418778
56735959853
39164442257
11580176901
73181745679
114204354309
60097327725
78100116777
133033864723
54133740700
26791441353
149947764021
150366991599
147505703589
14571307622
48447508410
2285088353
207163918216
21975241444
82021559417
21910008462
70240954547
98253105311
34585220343
169248563121
96996366331
111386537328
71654051788
148213641339
116907589599
123206711832
18170660868
30651613495
45884503736
21403526620
180100402468
137317543996
174297792240
32203816355
111086813121
22538242394
177896314457
149411669649
170528269127
29205699431
147346189631
179484864299
204680049864
51840731405
40256444249
143748818152
50648131596
28088289084
167402670587
154335594590
205762023911
131233636672
29864094580
117161057917
24819060665
54334056230
174102248508
69047107751
2779623843
179959363802
73085501214
52110425411
2744261597
55318643149
166348761832
165406046233
159050741013
20204632108
130547925770
189097798936
121308565246
180905664047
43181807627
77655128728
103980012964
14141718528
137230571087
100058492846
13901979067
167613395351
37389427836
177693545187
86581156621
51325649493
63222360831
151988117267
135135770750
187927474826
206800321374
169698132849
123971763594
82979467340
143591213526
189566424078
123871784655
209293349035
14909779160
52992755577
36466854294
188789600014
189862583319
139698674623
130389905193
115340829606
64029362531
72043211787
76737810898
29933049796
143028072658
206347380905
204069234904
197310828758
43497344175
103903992052
118122570216
58875708925
46667001769
188804288054
193295879685
190044129002
192840835450
67300522729
99580678727
29447299262
20779936853
125306361173
130435877661
106673196300
188521484382
197335600257
122147137098
47721451433
42552918453
188725537179
101861103958
169593171400
131926635794
82102537926
129280994684
208909161085
28063564044
63673314171
5551763434
197420953768
86070373389
163324822861
210752459683
53054858430
68377326194
215640756874
101991918144
99046866021
141492555662
42488638690
3510648004
80456522793
70953938975
130356265163
132659757412
3603125015
168549898977
31602401803
135376765571
18242131852
60724325075
57177522995
176066523548
175150401344
126684388665
102707286924
101725570437
27349742883
208594897775
24632542339
16915733807
88796661665
35203357475
185347455268
127208420977
201834534032
22438943118
81362605468
179016023429
174767861272
105919607903
152070772854
41493574753
7854989383
186017496124
189973355799
82118695939
196369959650
142395476434
165891096302
161126243765
22669783043
45807785870
1882532986
104159029885
44008351103
90684323023
148775831701
212777142796
104804459496
8581754484
12414507320
207316137558
30503809287
7806418029
165790070012
38194883202
59209145635
198868917331
42623747238
46102343760
137789120627
202962365648
111871081828
99077243215
9191095961
193037663958
140439105666
35164160004
17471142253
1106406587
153370216621
171975988110
192346285902
59757548235
84524910649
133046081373
4249519169
146446407673
91917806526
192272534877
149406848740
122506575462
172067895928
62291400292
187064345869
125723930257
153504093412
164314066353
82714677565
13548208645
93667688545
78104256124
188238364000
142069397463
153271912035
185250372088
188885775679
92240269093
151736471806
137242126722
47863485392
33422378085
13563668812
76283787194
58817453858
154826681713
108484840338
57134042542
37660280789
50968972856
78623197073
120463903469
120571698966
1998265997
201730163773
113604296384
157029030502
66467535597
130589591316
132469825202
120274290676
212253152670
139138459614
182050405486
147703976828
187317605356
107117943794
156687253481
18537918521
204162992871
24330791592
179647833393
89101527506
103881072116
214993097503
47904951170
70786490555
116595754279
160854287266
117698241594
29589837277
160879986248
14393354351
32005951675
19190659197
86751989047
183608019253
63672397033
144455320674
40094268604
3379439698
65259514386
156571629313
41992597397
7717332183
142215063512
188930165665
31337002346
9623783486
20823974154
128715759814
129608649392
94789635913
54966534856
49405925809
188610980894
128977222466
23687587232
125134023387
11271447127
443812013
19475341756
97775210431
142108478712
199524288684
186530525120
58263994981
151145997997
180470098812
67576194605
55748907778
119433684662
172845463952
162600332178
131646101816
61678481321
129859177747
51641741978
36609149540
3634062481
116599622976
151352139357
132483997049
14231726148
13631232782
15697620816
88201394377
178340707606
125735912364
164858319133
177406863470
176411888141
10588048762
208333299414
174498578142
186871929807
180447254000
185345340453
158147226498
38230087323
90153391267
197541299733
87087067028
129017158013
187746061079
111528322140
65359321476
165150117954
53738076189
120501444425
10830055756
50252368889
192764201350
2965196586
50564172443
210387955952
84055387930
70428709632
139391672300
150339942980
118930817390
83671957501
68231958359
92276515300
168703188117
70075285597
98225621999
71447666823
72255443708
171455075144
105296840080
131980959582
132505061585
5473986865
118482205239
94146823589
155898074924
169703940973
55799012963
29694245343
182974757727
186066064768
112488431572
190443745506
29201520325
210262541119
40149640170
10498272852
160153113412
105835048392
143295407603
166507227369
53115525517
12722660381
130700433328
200621586122
54827278214
38185025090
118081346401
120816633466
40048471251
184679274584
189647578310
137041200951
16731472918
150768783627
142600749298
75804158624
3077823273
104880332287
8093716377
83859128983
43107688447
182833359765
59147518783
105710083240
41008146592
82082154498
50518284504
155185986368
139289417593
65900775201
64602500216
84439370540
18594955411
79859453962
109006815923
177198724064
83952622317
98614328495
155988696577
86731210861
139482185523
9689777721
38767964718
37749947350
41817230307
13014272486
81478630520
167288449845
155863994311
56244012408
200932969952
7664537470
9566220689
178665716333
52168274770
2223080604
163028680956
85629743566
56680838525
214381799993
135814726473
81096106783
3097842929
103952315035
207800055387
199424962641
117862661924
157232463607
77632387543
140817450085
142098530090
214380920587
10356508038
22127473062
49702290149
52375543406
19294251782
44074683128
143135268829
125065857505
138291300465
53010619525
3769400110
110264131623
209483045676
34851069493
15790659588
164904874875
139791500893
196745847109
14708691753
120799557284
111058763995
27334378007
162060676581
79604942701
100165473519
38036401930
47663109883
116135131484
110827655066
128523015267
95080798001
133901535642
153115795546
148306439255
111713710813
27786043782
117913335937
50439223675
75089968359
164243661465
54162619299
46049796727
179844810965
105170132039
75824959107
123506154973
197121018650
15797830417
1429147253
179532312037
175355289035
209938028259
205337717829
135887168738
149876398973
87641397729
81800692906
18539907281
214837966717
103658722889
94297557138
60063007055
178039705584
106613641382
168193097911
196574463499
54639635976
176932598780
22731632246
148845522597
52069191758
170988907798
150816217751
66647611384
70376508126
143841335225
116133564922
106985163747
57008505151
99577538667
65846356329
52096083280
52183639351
211260755540
102638797439
142596948632
209191671303
194911258599
76427776056
85623317661
87755860725
186761136866
17056601439
202030025708
35396824804
167643586184
112231617708
155310263516
156183911060
78569910820
181671317110
162338839987
99362161671
112034893401
202287705971
89604362957
99839364761
171963724181
12849628822
153342287816
55555686538
36230724527
186285376106
28166493797
131647567616
196888584361
127703968531
195115131907
203172763065
42441806695
187573264280
3530456753
204647847230
85156273565
28115184478
120874419069
91982721745
138185132874
15859480729
198783914194
38563297366
101660727580
176877183432
201435408937
124893065823
9027057265
143707758907
54327544764
147706881201
74878861187
129175945674
3661367770
117647656301
104294805898
154132832292
190621956209
113103051506
32573998979
41690498668
60270421754
86715915190
183035112312
195785247092
215488275864
169205150222
158392834744
81759122663
187619016194
91118390276
117147913859
201997856323
35538409287
60969866967
158829226478
183584420710
75665031449
36166442481
125823020106
109090127289
84170689566
167734336135
204437500896
113120274092
188007713528
161231745125
38546875969
146176646498
215868498006
131311273691
169819900900
211901410622
2160866573
48845441232
111941047728
192791501343
102723076439
131353849151
136332291339
91378747059
184783085667
3207834681
7724877174
17298658980
141953623063
79325337515
202004824489
198833403104
122133130233
120489102299
100273892346
133059679164
88540061175
89754685219
110292751763
104545691498
101350441650
25152008015
167016946943
91812816592
162320359624
72571841717
179616890190
7596374798
198095769428
208476118128
73064851070
193697688453
120663503701
124792238994
97305241329
208838284225
151303327383
125027953391
108319349994
99611237058
134888110879
75702949980
25467259743
98852577274
104721069295
160127337454
199002065232
36534491448
31740621084
19531087133
182072388578
128395682989
200027678207
76799781521
119971035757
98401927000
121806639126
92007040125
181664493306
152552455811
34883090711
10264800148
168400928257
101597247597
90134814500
124765059048
165722444710
123624843253
18136502231
110641925574
70644724386
163139433666
158045538895
89991222316
206333140194
24712227787
104226213372
29614060710
35005974159
131811615653
190593148788
22705474353
9556407777
126612715376
135453159317
36097263461
125116651435
22355515936
143109355532
39957214346
175327852443
83181179107
91640664247
204924730350
48205431952
194312556607
176101227705
203564165874
37715708077
204117878999
134964925299
142175034696
29548303508
64864054161
35576415234
130092052560
194388539283
209414411585
48581566574
24327167553
214793036084
43167412400
24744643847
141861464395
66769462025
84206798643
91164293805
165955334425
133865701194
90078400080
132320136187
50039969590
140363767872
29757518831
98025715892
198101824698
47137034855
83908175613
108002745764
35724525779
102650454499
151530065284
88848811123
129947084139
154988068179
169598771711
55262970152
151612373740
35372753251
140738163894
32694174218
143186548024
132134240771
58804628172
45312261970
82181147851
13634442104
130933832196
130036292613
147468903730
177056784343
55306760162
43917658200
62611334363
108727356111
161569321049
67517327310
180618564918
187848271725
197759735610
139170739212
80051942688
194993383554
12409822871
1050085945
12956810727
7867989058
80038722690
30884544655
119781048213
8550946213
52608332934
130248776334
160984403150
137818301614
31954999537
88064882841
29115363870
66792554765
171043467146
171543731273
141925978491
132180616743
26330589637
212342074734
14974725976
117096693643
213192392464
175435158866
103447649558
207449898291
117550490507
40165787392
52207053405
116344292385
139873131306
34438699942
139456936080
60779364984
172833795586
82892765675
208971970076
37874977435
117700690981
22802461038
102525621630
154227755413
143275285650
18074650286
116890455635
88026726947
168589650942
156005739575
186750263882
117663840169
111471045031
185826494461
15664407700
23627210757
98579420588
8275089741
116488621045
106580676891
4260448046
69189412491
20889204692
9185317622
178115512754
192997733965
84208257804
180529199127
38713819630
34324625886
166022999448
157860281217
163223753081
198735459947
85829864345
127102382582
111041038
136799774528
10296301236
3484467233
165357688235
46697759472
138882536543
102551443744
33056743797
78507784824
200823123600
121844906124
175814574898
87202310568
100670503885
86060879914
121816077278
4919750547
109671071872
90233016401
109704972769
49133430298
173869713116
162672051320
149717935188
122023444988
202094904422
178075760831
194596958009
590388836
100254436037
176271512281
87544359195
4005460713
112026798689
191072621552
89239576114
61118283269
203195082984
190862865338
61723480585
90457549860
171715335786
192087131763
140028058837
73667966204
208645466895
76612541847
55779117646
77704390485
98588887715
20364220907
45820648067
19458472643
127322177658
93756886328
32971033943
22746658765
165098269600
167470526192
7014186562
143257028035
10879225566
56197924531
67513145086
7878575490
168730572966
108198318696
149327470435
170147998417
120713650094
42862644070
88446368607
111755877253
69460900642
161504909565
127310385896
118993781010
13808064309
35581146162
54203350787
76314074359
122067515566
89404303963
164467325539
24827123818
122247916171
34134166619
92259261787
88701902941
87747186000
85454726526
152719777849
35924036016
147619098515
145583148996
149393275175
46639108903
50548012877
175038946033
206082073830
186286767790
118478172596
66141331571
40357808587
80835647228
48195211542
139756255250
126248943450
204516123025
106812130610
87415092019
149352335122
209606458431
107462963059
163532185240
10963212764
70211667648
84142225735
205194279801
2967094565
42269608480
168543524921
36235881088
33894679172
93660911654
150095079845
80690543147
42894635067
177663988294
87275926736
20735621166
40150572997
142453201217
58817832772
137917545267
189651369036
38307825631
171402698217
78866707903
82619748854
95171393479
36917632376
199131366251
48422380695
160036086491
120777380103
196168417397
56196041437
95079844005
41117309523
80268757319
32928181188
160253747274
194748365396
47730675992
147976211881
180756508001
50046285845
96302140510
104467121268
164410529627
16948268408
13952608579
158128751334
10332277857
4312190005
70625743973
208230846127
87842624307
82677752476
130716079272
168696280286
187101379703
207590149819
20760523045
63959595236
15504505543
120580725071
38543350958
185898557534
13991960713
190236309570
106801378099
134381273923
92081501233
42445614095
155295671438
16757670171
100009047814
94109915970
22373429633
57730864531
61907251241
27199485743
137597019391
179604897237
64633855431
213872041469
118217864839
92192309622
6078622206
194754823923
137478108677
146800474532
20836497363
133552533845
55397742206
50651424935
36085578020
20403408930
21586318455
208314690305
150786526571
118590124573
209283464400
150179340330
160221277055
132358182189
195003892486
195328434417
6928092451
129390096176
188894871149
213221224893
176287704510
17374760755
68526876102
8579652610
173260898391
121279181447
179256197839
72981690322
194821035851
58368068568
35773911149
84658678241
96524479319
59722322268
48285047480
24769268688
142288571663
32190312313
78024432776
38750364335
161439438191
66124038593
182702013838
41311020681
72108253808
129615185061
194436477160
121786235010
122568706225
132093199474
101625052464
146260390063
26094903893
133398257925
122856539181
