17433442203
177380502489
176501771280
25877186582
27477853897
52613718098
109280182169
153404639624
213048704636
14863176014
16091312697
9646485183
76469628710
8106772049
128015505912
74442502675
42275542333
21017490859
53910530260
189459415057
26056642729
33607782472
27728894295
115052546253
120115728377
23923812642
30440587187
201144227596
118603350117
154468918180
156715867997
53848572831
81556784483
27254073981
39483898030
23012038519
161758448597
8909087861
136850675646
2219107348
181054041563
69465131051
34942305666
94092515542
120320469481
483145707
59998888391
173769010960
193070356594
159525833262
12074946343
166002231463
131049648941
145051084620
137500481879
37974579300
194372744707
93824235686
112922534601
117151700202
88485609832
100197594015
208087005215
211998237942
139080177914
209800744625
109343412736
118959143231
158410499901
33487571014
152775605711
16001968582
1209122991
111916614379
86821979773
28932909496
200123315106
28118101014
106718630885
21708311144
178718527836
193240402092
174007595667
175918386375
178043524809
1721881413
101708086313
14564240804
67407886639
151672800638
121460079684
189220019013
199724575299
140878613962
20288687565
95656272353
79959469200
8592088938
10244347918
73090086229
146718451503
49641102531
104886746996
98576848624
3156973620
40708572183
48702979607
179583533118
194775544836
9651715009
74958369885
29230746560
152204113756
129481360884
168827969676
171297369670
120355102988
201462526977
202754328608
87589509520
202930486176
138194790604
50876742647
158417091352
195000956348
166238832343
87966456833
37629037764
83962278462
174051151933
17982957809
212363691055
166482222128
44565343689
112703605843
39386451189
43188127266
61788005890
164567631971
175719230530
165140234987
20686223123
115385776853
179241913357
190814539920
200526316560
34168012558
170446950171
95481943998
94280629725
63524079793
85816021710
118740263766
31255933531
117494428604
198106353208
215450332102
39402666093
110761431685
92235653943
98402642887
49062244219
185880580570
179752119395
150495131751
181855502122
21196368771
197653235911
166048752568
113033706130
129021526331
92609317715
121190943603
110166683214
89867499317
23288593031
26889009491
59918216885
190711538859
210248415355
84657978744
194845037205
190306229395
21249432579
37291750537
196144022251
92514897055
66690227875
199978444920
191051713382
182687038732
26298829242
92990339176
101355347250
29460879374
94823115680
37576814787
162228204583
3589477005
192665032048
120249380117
66807003177
110713051018
62810962261
125127512372
5454222862
96770979965
170459890824
6060181885
111846140233
132270413979
28654750083
60723895300
29490922975
58946526830
30226494422
60848472006
59110779365
133588338176
15297490461
79013410436
170646817549
41550711303
118404623947
52954652065
183744911071
1762016062
107569356355
204957127996
22007435121
106714890016
60316228287
173291000942
138143275947
53615322589
32216572583
97776264218
106835848042
51382930396
9934229548
92342152687
144864641856
18097100923
1823767488
149973459567
45679881851
72277254126
121772716806
10380581523
158030534020
16957488409
173714909982
73991719175
150611513688
98842492537
85891222928
73871480133
141904466769
63000407475
134944267173
130114967917
17386759506
105724138641
54130481716
107702547664
120348325392
131154029202
44831263730
1515784238
66271137203
193472180684
150988866153
163525831969
64833532844
185164133070
156207556542
74141545033
118259694418
66979952481
111834369507
96272658078
167893939203
119478777141
146584326626
147995402386
143741164500
94048254498
30402622803
56075808968
126174513647
117240185366
128835567745
98021938145
123696362220
159546505937
49709053262
16945053642
25205575882
154919126865
134158509029
76665677570
24975911619
152527348177
168173945495
170054497014
94282966382
197715180820
121742401139
66233635202
36376050903
186184157827
54060655923
215573408769
93459642458
23339601362
73892103681
53976422433
67146958512
67302122044
48207096446
80797423300
178963210097
177517220242
4080342445
43296973212
70635621091
45082295095
128935595206
64031638915
46777557022
178630681482
45920795006
209577571846
71905627713
79512626644
189204495162
40126841629
100952701767
64601879458
107477670331
21206467731
49277664947
77135256033
90797769788
61108919482
49570214639
178772074775
136973903087
176840198611
103267352482
118213488117
196527304055
101737286192
105182612207
181734080068
189685318461
172962176269
117235860519
43451182159
41806916797
165395777349
32915514007
142013304155
1591872466
83142762816
107836861306
96396817518
185865878224
120557316311
66345619142
208741221960
37781477586
102975010160
166672957661
176206153560
18772679580
10829604859
95881621756
136164848903
123916068195
11007561245
82522202112
54519363608
213816128643
148972124719
74129024431
128317057010
9544108614
113181551285
161698534920
79343826708
15838210685
200551297399
56215042721
113473023315
123374904452
36719934671
79788739950
180284993186
43630103102
153398974315
152785562590
182299485651
181095727576
91417324920
151503798504
2586992338
49031376387
61115731534
77445089712
40103855110
161381639263
53007247452
200266034860
12156139701
54121829470
141970341477
174437579223
91487044739
63093971451
186438854279
77403519263
197690079642
168680738467
2913397727
184685918378
154285211669
18029884326
116038120533
155237121955
102910521265
124910949220
37968507132
24970383083
109123862631
93370922883
107269139209
184098453495
202542402286
173784144239
1800468759
212382649410
170268017287
170595340302
137383095749
55747896129
168420175860
60875004671
7914553726
50770050434
128233434990
85466085812
195436412035
76344531961
93231388493
42218139886
170991098099
50121152190
97459978786
207430112904
1259953981
213262814616
159558455222
198432487696
179981766420
54687597753
112163379079
18048515771
174200497292
35904785394
48229069647
114173219885
167979574424
127894823866
172382557106
64784107676
87481608644
63523767765
117973828943
201995854733
172441508636
208682815393
148572270640
160209806229
200486554415
121542892457
19599390033
105411325747
61763851159
110615279757
159371037448
3699737958
65468517943
138224560112
41017184334
94845644436
37388497611
34073583513
188561274148
54085642620
161550288774
53825379990
33617232640
187516657654
43448736914
86591385861
137875487647
181906407893
184956973751
36846484872
138478854521
101250660838
176121009057
51611754399
104827450854
3978332189
63442128444
31346722198
133624133765
18441926
142919854996
32388108410
69339264600
96413807420
49718420267
71878789345
93472212564
191303444853
119950558530
46590991185
74410963781
10707000023
89730412071
63638757284
114630780421
67120899620
113683808397
345293907
213033621538
178764530017
35079206720
72101619267
41638646731
160672870553
163244357200
97471088050
175760115922
92629100017
167663219478
77498436205
124342034745
190333808862
16128695483
58763503185
30354008476
94536611543
124903891800
200727409509
174753169596
173649624034
67097665717
120587054722
118735026659
26047728372
122401017244
14057003365
68061196509
142228657129
189882213242
74508880717
163429309713
154610280987
71534718196
38550907356
134014349674
146331781876
73608781704
134644701906
99394051495
148323619673
103383859238
104145267940
154016236322
42652403146
182658147410
77587824003
167289218388
152342122260
108640751608
171714516415
64506277229
102352881206
125935478215
6644396423
161115530167
148346219602
136140944536
197530910009
63993142097
9615075846
111416206538
9873927047
62318744911
127717968928
69032199006
215346433832
190126997496
149487233892
114853934643
7149130142
202370185977
40708584226
163648389777
50486307937
171780826295
131861358886
172399959237
10956275773
111761755012
188801398834
27370373739
191448493690
12022743214
113963439574
91584951495
157607864653
172439579937
91004925134
157425949346
116688874480
138535619805
104573765245
100392164994
92866085347
116688532602
55163576980
140623269757
88009225432
163970434734
157357239736
175505387685
184987574399
101492660470
27266019829
103536648769
3863196322
55614025127
51248380241
88689402066
143705229560
12912816642
169264172062
124257224941
173769222938
106374771808
109085598074
19837875344
104544780304
176002980569
168855502488
22136378501
180698307838
33436315823
119708742577
86577903988
107941866335
59059601277
50259922717
47031735349
140079602753
15338280186
901851477
16838103872
128303601483
110241896172
22400319968
41613467810
76470682055
38640089931
200453447710
39251696704
112755132138
3244157118
144788319558
48039792877
29919216622
119784006109
194862357127
121616149570
166522444872
130643551065
114447566765
192536001752
147508644141
143804419504
164890165506
124995453329
117017506816
202686724613
151906279578
33010136121
205001546122
194876995403
196572430274
114986290687
14510926775
23172930720
109993583219
16552168046
94305096726
165828462210
144214020044
152841795761
145101041915
10746943125
21069904892
107943880020
83494244685
187457067153
124448804999
163965069993
159606019904
37746586482
125673880709
61449852780
50273295278
64414065529
69413841670
95040727282
24418799846
80519240063
24429615678
66218554527
155331502199
141768651630
118494526910
87405527424
121580188563
17825023238
65288122895
74880519709
32099584360
84337613761
132020522520
83707693032
47081357287
120990912069
17460823334
38078109812
98213049031
67926602883
53490490534
18974382388
32900713717
201743911333
147292353255
160645695967
140063167699
183705955731
122183877375
211673906320
173252058765
145010888677
33067493594
83643645924
159469173222
150355971092
191923963287
51607409140
192493689472
76472267336
36097916653
97366863928
133528609789
161889178438
132291365345
22684372309
50612776215
25274356075
140775971836
36902482838
171892563939
94985402385
106455448657
95176662647
73162400060
178827835902
60873691294
194405829914
176197255628
202446034064
214805972932
169963091421
42531163721
127406024180
204903523968
79092418074
74823377664
169760983678
51320017466
38312468100
51099682031
47566472704
120540833906
32472830327
203967269814
72549246839
203959829365
175591620052
60667041453
11430477524
108431582372
22223654810
2162652160
143283038941
25187538628
93695154077
85219669885
152632660757
26327272809
25565405759
189622575134
86755995737
118074840553
185074051587
164941756396
156622391805
20920257148
72660285890
94162993088
13157487262
99282175930
58562412563
141199438979
63527952014
156806600513
158189209414
12761983289
76438100306
29046496388
66885069853
45438264679
59900459461
63258250016
88777162133
34397893231
89299753775
127787245194
83363818325
73193415804
40275102976
208541395934
55223387558
43617655782
198751083920
41997313959
195002411644
141335420460
153708158537
18238756508
4933995091
195988547224
129931146270
131449893722
53918535552
97662049590
123302101079
137857880969
19296589908
146392407519
57121848687
115212857133
184390382528
195231999889
60583639095
101641206462
78479610260
78926621958
162721693984
184899934383
73158515951
182470422958
131095456828
206480132690
82807616590
195921663173
162932879521
130013087653
179656587448
139659893903
36979593695
43791187739
165830645821
9299906442
80848095437
118483438786
65817643373
154688485284
1189319570
107831879160
36628480788
127677013231
165810376317
203609924038
58213162774
101471803109
189245535178
66550000626
67447863038
107312674759
68266347856
63511181337
72445455588
202832253383
66032885177
172977911654
109725867100
115062632155
91136253601
95018408055
175807688680
39573331052
77691397655
29658131593
72701236368
99999380522
45896888109
141204008744
181429030117
146802887955
104610501653
55394696020
23167472412
122796290839
170448254438
109025301178
8833972761
176419429420
99711345421
46010052937
51615994969
209683727381
46044049736
110500565727
152156903708
15068216477
174686618718
197555265630
144413380398
198185666242
158031895257
167208958534
168001718901
45340808226
122467272435
10201058353
174502291129
98043038646
142356980062
11054438443
30636040581
135397868705
178129632992
23608464542
198915969999
114489457887
73124260697
77420666220
145285793548
130118328282
166209589822
5364603095
161439426996
79920199884
5269187030
74702377727
28621504826
55752637219
164913547363
193048467598
162517056143
85241101764
136119578067
12363276195
193531790469
149514655520
366297618
17842710775
203715747907
90330651142
88236297402
65273824320
148060798841
135430224232
62263135362
12160779265
65473977699
14045046767
177774607951
47520353448
115839725104
198980432675
186710777514
211577298468
28229029259
61535932980
130972738557
120310077488
144991818681
37519599193
160929200944
82574828632
114166841575
86076698799
152310661665
129194237303
156004124420
19023959142
180924567676
58726149676
215027959542
73934173700
132961429141
183650475579
173308078251
91012830637
160907957015
207733372729
33784509854
180226669389
129613444347
117369473840
203358861626
119741721371
51324083599
29859119924
134773983802
50046790786
195925057854
23981282599
26748470269
70498215646
12482759131
213077309700
156143083478
92370490057
2224343249
41348447675
204459178658
188207761293
211252623325
23561353785
26892914641
121214962408
211240211082
135622973067
160038415684
135429633224
66015225045
140532308820
28111148200
10130675287
114173131109
92366097651
8639483190
174966753146
131299212378
52610164855
165189090953
194911407966
178411373468
118496157344
80299439452
180948041876
160305163781
88526372564
43103328473
209093951784
129404958441
70873471079
133163256336
173636874255
183532480662
61614007959
200258250999
56064302919
86339638790
188563062982
80220890277
140180285888
210208437270
167644019049
60471637485
58645950014
45046668745
604414881
92931240075
72698804764
158676614351
152551625265
73861535540
105950847177
181324550128
102947548826
150191094946
19692746280
45647627373
161272579422
133397199432
59752275696
209213055168
76822154036
78927610188
139181163244
85792803227
113482395852
35026629510
49588645573
200492498233
154525239272
173215448935
79773635119
38759667429
55720159347
189438932567
82305442558
50631444439
201016852849
192118127679
67134495569
202124741340
173994755726
128054412567
37232292875
77245771002
103047621864
149061326845
127141379180
127604397713
65242917855
207801815401
15281432982
119153499168
135596566003
141078887356
129398552600
113923805333
200375735968
115458071204
44218809325
98194633391
147931624796
64599168260
200016009874
68788769568
112093744218
198066425126
77976100306
75492513711
93758562686
128511938349
160643227889
203650327026
143467783409
89360024400
176395389005
197263004663
40393586455
107883301685
67693929057
82422408442
143112568124
214613042570
35868655603
196688489776
128242178371
3251940491
151504888781
126225168178
20171664672
65272381608
121598465338
140087594946
40826478225
9530277687
133470494205
90294860499
199549885373
196145037848
160973702779
99065568335
23351774252
106452844688
114401446415
47510938225
184514968855
107821419497
125806387485
96648934040
65704260669
200078395918
129254355797
65848373188
117597694459
21491917632
195088121634
6041776473
41917242273
15206374650
207392653922
131333325983
122264215923
177881134486
183754933485
94248388683
123864221588
186363541428
17942869590
85281024679
21386049205
51742680614
127983564541
102292991556
48016459865
98359755243
144686097085
131857107027
157888708411
162510838290
128887654575
18823439525
168727021703
94596756595
74315857556
161966906733
38207828122
208087224316
189687912260
203242356732
125232744931
16123405601
108663223454
200353211730
80766457009
143829619102
150953295033
56436094367
105145793544
91963183701
32889549485
144830286563
90521133574
182371386424
168541215179
150401175284
191750259827
164192053053
115838102214
44399694898
117739957738
214989538003
130119933606
214720314826
140821682971
156334053127
199394034116
85532125030
15595837454
168409407862
157420358934
93382352275
190920713670
198545652307
53212139031
128032045649
183384843481
108348170013
192723088350
79415309275
15400074297
125958345257
90862903088
32680741001
9935719205
20394428996
32989035676
194681125530
113816380856
4697198918
59278481810
145466065403
46057240995
192840549132
50505793008
152275744021
165333885936
208446631275
92332856737
51533897308
23690280846
188405939524
58675590527
206743943997
136465179070
122001278537
17828544546
140628203944
2308861144
54803576756
85857213902
145816381325
150623743406
25028192392
61407522026
28021245450
184371080262
93700621640
93815313960
108210866790
175748916044
178723809539
183000366223
99971156891
93728711589
65359079713
203667879545
127098662906
84825654563
214237576069
174109938822
205791517977
81835592278
95968774771
118727253057
58377497204
93772299185
35341100483
181824589540
45397047567
16632621703
93239278413
204955622732
42447448443
30062781548
2855415036
52175044544
164149010551
14184405484
58478745628
131072011904
184536503793
67742247371
118563659683
39464142592
125140169350
181312841588
86120995716
207319284553
163577263032
34848867879
168959361519
14160944748
927427722
166433028013
200716902172
70175048805
39133712677
54719313913
174145316893
71108860420
152665357370
119704745329
188136127178
166869022022
121803731205
135173943610
18413355870
48265069340
159054040969
30839119927
144478022038
31456742562
21059057468
193104698242
72671844096
166394406813
133728206662
47778332224
183456921843
164540486386
154835765708
59806133712
178906756895
4307151972
147342705735
166018984762
87066487234
32274117921
181690032703
103778539622
19894834608
65883443894
191395419125
126388785003
21434174927
70025055892
206994426362
47263955004
34396667398
191304231386
1239137535
120875049572
107789332484
31076286276
70763942551
5999681266
73231063166
26855769567
130406558213
89656873810
181048577365
24323309407
190129579735
23189664513
26817658658
73521439825
71233241372
14843162691
10780779826
102562551744
125797910374
29275226830
180321642058
116569900648
68796663582
155607911471
75205509112
186962953990
59543181363
166379852719
215537270411
69807319457
75141001742
179916061478
144745307232
97058443122
207461972889
142284767824
56396521343
142429819089
174357329986
210399931540
163811369637
161735667147
136844339491
213580696367
131615733489
182030773066
24237863836
149510917072
167843054184
51363899478
43690704770
150845878074
131862878161
67791076530
51221926592
194981171757
58207611685
201601119254
59994563655
56177525495
21228372282
106384103771
57283965168
51903571920
178180963466
109886198289
50931166368
194738335643
153774524834
29739812036
199178373985
98047899339
136698615346
152020489935
156203556989
115445699080
181847154969
78105172789
120977152980
114310994809
125460100529
38835720710
129031210354
144629131038
100673273859
99566709070
23342498518
72768831241
166084794442
18658579721
213384892188
1757630692
194248139171
125785272346
198545351546
187827450918
166837238050
83195128653
157134306076
49855573424
196476352024
80269091114
170288656907
36906713535
98686963667
70939079562
187155443523
156126833662
174205650060
22067258334
93852453816
123907425781
16243481428
215723902809
136148718666
145401257142
85388319404
145570711403
154803760965
99251906796
171574211775
19222173559
96367657735
210067262920
8012880202
197846834882
98213377448
138176086650
33274502035
41669963142
92167723310
89600565318
40143817300
167170421083
19575328695
47810716124
172147776297
120848482986
70516640859
61308613042
169885048901
113038722874
71946078394
100847765847
66619537537
13954317802
42413377636
41320043015
122506049701
169146752096
176320695950
5382085474
146823593167
51880015846
63663776996
206228301162
66276585318
107398844248
160929518467
150437527199
1882938387
4553254223
78274835358
117533133920
50433584387
35987241120
165225080555
187780034516
187822101533
34963223501
139036590540
101620268757
8175060227
12226376344
34903315870
195169928062
142458931883
74359198588
120562649956
196186801614
27321634330
184115560199
2760220658
86709725304
117269012786
209131157710
37603406949
99775278378
99832745228
107776427747
95028782218
43091017438
178062297989
62740134581
129786029488
155671070956
57991402096
181801235707
149730470194
194839531956
30638523008
172450973563
134444150101
136640483051
67408885025
174863837395
108446634176
118052371280
77988016827
118496117501
143183941570
210835446938
143167672864
180007758965
45403169021
105113683555
186257904331
10718951720
150574834464
33963931918
110091230921
203626575060
56467665761
112056910833
40164338084
120832656743
40296994510
73524533114
69876283630
196966768583
13377020127
7257301950
152910124938
201734824983
35923784677
127312233622
174159772277
131977252647
135609518890
98205195154
103886938404
28758453245
158643325534
124540274448
182842481583
81701979939
105659294005
206120492298
92097358749
31742844149
35724691781
199878099677
211607398005
206668204099
132672527660
80204439602
96966509605
184040385000
196410937827
151069908946
177096816166
187943886061
194608978921
152851738594
112739625693
11320502942
162722167719
198423144419
19003082074
94999227207
109679313194
188038392937
147639916005
178402933842
88973450749
102596916480
49126896949
126610246827
170023994498
363534511
160272484607
125791761551
34721723051
69848919597
98472669737
74557466098
156279967321
155058484228
67012345389
139961079535
22686135408
157046525940
85023168421
202139517540
112407505019
114167498832
31417700881
48809007756
177088365950
17271195564
3511411430
49061026961
25419334850
180982973000
100761428008
140772424690
97066405956
25412083024
31568989128
132858383484
152593932777
4525510657
59032227417
8096805768
63259447376
157231272393
37624999143
189197636875
84065908522
200118126077
48783091362
67704485151
44719179348
50604553102
85069906544
106719502632
61708029822
183456957502
25372995914
214963892586
196748196351
174781680346
68554230929
176208394934
208858215532
88882027726
118978446188
13562317663
40870803772
206073811520
168052449785
110234051090
104696852270
17774780590
65869769837
78646050817
139000417967
212855507465
213398446313
101656352757
116647398345
95144471324
172554723115
99421286106
144714403726
14012321831
209312139311
6731802905
170182591371
201714005598
187226152533
195097609344
138961007451
9136318642
100568827539
82136001151
119356724265
94880840577
11372405667
9283890319
20253786994
63780014894
184171656830
29140108870
185920605256
113467692407
36743854175
102763425001
155547508065
125549198830
13587490381
104680854618
137151739007
141161214036
70696620022
128674382928
176438255331
160627359455
24802942271
92973150617
183467361532
93156011959
80221142556
62461745118
102973698239
204972951246
166639061235
106989385038
47197700548
89884786506
46030458321
171878166001
170028703951
167969314143
178040595339
151230499313
215422276973
57669836863
77864643113
114755171429
68464215703
69074841705
211486942532
113073445190
11162755914
17586784658
161573518814
46971602914
22935536459
35842341211
200246997758
99318443088
11836280850
95689740441
145635860818
18553750515
44798672985
120669744924
146225598882
70173218078
174143218091
66301277116
1348385277
90769824240
108212631313
182471853746
175370454334
66808038382
63462313030
86826556467
151931866120
124797059557
48594190887
13065471679
37300800161
101970812509
119654330506
45326628519
198630252429
174257407429
102520324334
185502182584
136588199963
97556331826
282194190
125070896561
157485855679
125586566328
214144553752
173246754615
70379560453
100565922316
91710638305
125694970672
109655601374
7340491455
200438520728
15168758397
67281678419
87698523889
60988395763
209017681374
67049255107
117435288998
148016883545
34877395297
47849182809
196640344514
95058589769
62474184991
57636881305
157414438124
143524648401
16536432860
175818444350
5657284666
176921910938
116979565156
1255187240
1124430665
24745781479
167729924721
72100133993
52286804666
210368973802
128618977253
41875376746
57857418381
204929965707
154504758218
129968573407
38090407486
121822817294
155626991142
185062048245
142139880624
168242595102
29301064477
186401714793
1037996563
20133901365
164709119253
205024486799
53223237545
153484312961
27489919862
7400415394
193640034813
120510865325
80563282160
5053731089
113160869315
158462709781
6396408534
187338678436
166927457162
18850868694
171510123809
101060613544
178825167517
3910300225
95086859059
82990919282
128956106372
47287030871
127074333180
53580747887
61488672259
175940598413
77485908605
195403676892
191790216175
159326865993
154250349065
163998945399
134942855986
174895635586
34478176104
71801378901
69222880087
199042984745
195110168604
124123863434
79789584242
171478419441
22698399569
113425200112
62885805016
173411696168
81581096234
135678916364
199253579825
79975649997
192314234473
190531380933
174041985573
63689509685
156846021106
179595320589
105952641222
34065909459
210620552778
120571327919
181510864985
177589529382
74321614108
151929355284
182877293861
168100501869
92713921823
2350046577
184220865851
36088745530
15103607085
149620593992
150321943239
15569772459
24892614218
9201408050
111890506163
96174298403
53543009741
24695275325
158705506570
17119403149
95622352389
120862996641
3813949717
157872292117
128902850148
157386163968
190184033189
107603387541
40528524575
25844446869
90129765027
176220665998
129293149378
74541098129
116239844506
22095013779
147900677264
136395089823
150135597598
82983456164
134052710757
51372651998
44606229609
188679081451
140679735765
172204167704
76534469053
89446619602
94463668598
22607515855
48099759718
35746768907
177634975731
31870036498
84248399392
44410760820
41861166862
38338892135
186025384634
52500443272
152548508839
143776091147
113298043397
108621787963
100222943302
167596311344
90743154146
88682026540
17610572708
142769208842
156652180181
108899382885
161209196077
211354210869
128390484082
125171071899
81057343999
190244297316
47904206335
89158098633
120595457941
27014187135
152183446388
39221079057
45638375441
142314581951
107421765129
124671575457
177233144591
166353170639
23522947932
177755423158
201039088141
196030492590
22637906217
101891190313
180291383027
19528355971
146752679447
192869567897
209764665512
12456121865
120482655369
76454620181
36455072044
50294858244
158738531588
63352347928
63700470636
166175578240
204814855624
5872076491
17636517669
60447225861
125107939068
8460715290
4607558636
70744592198
42764390774
191769090933
40294813467
108161959301
103109880768
210025174527
4392241438
29628598385
152121349956
72321158783
71765326526
162625840019
207777197323
170867737166
25565421998
192004788265
20012203752
195177424453
175422441574
46234537742
207134138140
16038040022
19385583644
113595081619
68868067340
193113844639
146383209265
90018302211
145374666118
7656133416
184784244479
31064458827
88516714679
166942631545
114267277910
203728556572
211582034452
46837957371
3980971544
185518505987
138632141213
163606742801
77363988464
43202794480
176135632514
173786182128
180677978769
31766106216
186090112249
87963616599
32980850914
199850181079
94279997706
200351931403
121115657229
44160102854
54693377158
33284762673
53972290357
213799968986
89929058629
194512826668
94835418669
108767756870
180559656676
136873240523
178497548364
37378892386
50222452373
84434420039
25400686755
6329974782
45395582296
23045446452
185301170920
17847591352
152513088216
39451925384
178250256844
125137805551
165012040666
206366067528
117388759532
47104293358
87229348168
26291113150
2747179898
184217371579
200091073548
9205150368
138166324575
98382768066
205223395879
141221955128
177192334947
26050705741
109653225908
56419319431
187569288346
13310377287
191999120288
71280660433
91689342818
182558339578
163988923472
165945032079
137325803788
208771203554
159613766289
209735724032
4874690598
135937720040
189529314375
64955313306
4015134432
135406934676
64255756767
77493398419
118715003330
111740622626
89480854834
117775028841
175190548124
141478052691
90713073938
181771988212
38558682307
146838339002
135636740673
108215647386
147996463603
136326294828
149202024957
138985851183
207250378885
134699597354
65704241626
107744015153
55788597916
136729074106
34548722577
138267085162
109746460636
3812265792
202472979484
98692280677
181638971031
188314878063
94709673074
90454347277
68238696517
167125894837
164216902881
107467915474
207833407136
35493833310
16019657707
163913656839
105808069483
7500466341
43900719029
120173763705
182266631440
153259298292
114901557639
133710084641
113442438157
38031617495
172662862459
93253106569
147080778428
204778456731
34848844496
108397989624
210857053827
148461235752
18381940982
7808327043
53929301884
42541000393
164888026391
114773647172
82249569847
10512598285
1974630862
170308338909
179074916099
113043179436
44409682787
20838128338
100250151507
182012421232
203740239579
194568552508
201536499083
139102313046
134109259177
107577578507
3076938882
66778393597
111278158477
36779420733
173549811698
160266974660
94162976718
169125182647
57463005725
165267514098
144032576053
181434549889
189927269501
83095989735
179461033838
152577516
2542312631
104515686262
4322663860
1194151413
133005387918
53987534824
52861973407
44384617266
84256606524
134030777836
130606345911
194252763170
142695612510
56806155960
214134166432
114084486215
168118169238
41055813761
177304871294
4056441735
54299261226
116595113166
186511389571
23467325770
3692742325
27433299691
121116573307
129743376318
214306223537
60641469638
193436728391
82632256939
211201009537
71300454402
12718692732
204256360264
118452716765
150076531882
85439993078
173770685101
88256512789
51342573561
61065776045
38150823612
32490488348
95024592161
130886312248
124971004172
21959532865
119466403978
70165574244
104812180910
74033919235
72475367031
110447387035
120021275811
97573426905
87949234160
57408096751
75395907417
10135841531
132370203553
152613809331
68743996389
26180672301
94093831598
153475194731
10633344079
133197780404
43463163128
181934715623
155431536611
41058661937
47177234972
190478080108
82860490113
41610398318
64317900091
148465694218
148330329959
204375629846
84109131696
111193832241
76801547812
150363870273
77476411285
171398486752
179926466435
14079186785
166755856242
92609583933
12357431876
63560818137
204195009971
201576526611
118487173869
133616646093
194266924355
185127305007
155124091643
103699108965
82361657556
66146625717
37504367100
10790145783
93313715870
7692256392
89512932033
100580746095
112740313349
133486091660
207058963104
81541052617
137693320479
211643287910
200907888288
79890708434
2088082095
77974124946
168099257505
112502293454
9845516623
116689627401
48725838202
76853246806
152093397920
25856464127
125519854669
160300564859
121878994376
27769652052
159304295006
174842172996
131678497292
14818230040
178084940309
1477507512
40893428953
196420943838
7779868289
3800961471
97368841814
5563143880
19623240269
62315135880
85422122507
124411223598
126297914005
191627134190
135588306179
53170150341
23094246952
41653389259
121236163035
74886919931
192078912148
186722513726
178000839325
184546184790
41183111927
98442023279
71689300080
119624275340
140522677880
94468753152
191121605215
105045780039
93739614406
151166526937
129192417040
116399344555
71165650773
41984096863
214122235966
65095208039
134237195594
89546726730
85998476233
51283306085
100332370422
113009212438
83222770557
62540990841
123474272686
159659061805
673451271
103561117970
66338048532
130524906738
2824821678
209822111126
179945376891
164805107732
174282187264
172315545448
115816368933
125656163394
114578498258
192457776213
131024234564
169529118167
96766028320
11927245234
123532066629
190877413426
12828099773
199264730505
169951593029
148527634942
185274765426
12522705340
129104232475
104637837252
139605821453
16704339391
137919663519
165020778336
198135729183
45841214940
195605627514
37424857138
31791619819
105953321901
127748313422
122016634025
401384972
10950045085
49732075854
9367086907
131008693764
51198640765
8972701968
167479211306
118910295099
123396237836
104339867082
102545375018
199584817902
199432307163
191523612290
39986857153
39961187875
58589616478
116559018758
120215642530
112280708589
13904667116
139417891500
189931268238
101167401119
116730155232
156885555143
175318888382
51476474770
69228815461
51282812658
41531639109
112256767048
11449714746
198642836670
76975460888
102421791173
55601888089
138824485069
76902478865
190324438364
183703568101
192100406641
54174007940
134372143405
85654502647
195065196043
144412732669
165308646924
171294464514
62692471786
206862736486
168296526321
98804997086
29321137261
180600694284
17879847827
205377210032
190428610329
57531765216
91470227260
117717035411
189564410611
187473536726
171992864176
136192780525
214118924176
111791091579
97921395251
211571818556
101824276345
39491788575
181945507970
177322656455
139212987507
93411100424
132850590422
145359983831
57774275847
129130674621
77364241615
135669174274
118218736745
86115541299
57108877795
13112405506
146028690125
96858131016
107611272325
11942334413
29689764702
4321490094
167593853795
22202472834
177682899509
91115381106
121571441376
211706114661
46731893909
69716307896
202710933030
88456026101
161016894726
18910065263
204069962798
20016518046
78774414535
31922198341
96303681898
78655891260
68946449676
162471226226
9528886429
191011710714
173095894412
4622080878
99461374824
88771899306
71269516719
171826353745
49129064258
126975630390
86749576179
171266794804
109037435323
197411586852
181004776430
188399025358
156158702406
213277839110
44601172315
204549537199
44666214515
83241484950
3974539242
115747529429
150772409516
80283940618
74884595662
160200944700
62858083470
49281647937
212564352903
119535699622
43442949363
138465123175
94551769232
145073264994
100983310544
142252691209
77023281197
88156050281
109701891429
144366295674
123811858263
51378098269
104888730174
162235600717
65512671219
193497696782
149869919311
79270184955
135634943107
129133853738
100260666230
177122155830
138216781236
211534141117
212731261074
58421585577
136176099901
109304778117
32326950847
71369749345
165906286089
33457561774
62176300489
113130170264
40704435076
90991314296
102434339820
109089371505
105839807907
19972797695
59528060331
70977928535
27130919552
154389584856
18435931687
120215589735
41741756982
88353380673
172534693171
137139561961
4888688024
214355862255
169764268064
204688432605
140564595188
32505092825
65340997917
190630896605
73906459871
171911326919
125347190263
82246680730
208649098319
94509827843
150897171290
8548556518
83138279494
40217981142
86003590812
135888480920
80363751425
162167533160
114503925841
214645458724
20665900569
111360447912
160288071782
122334216379
98025497312
100126409549
192310529815
26867081788
148070812364
11573618351
160356844414
109317289401
159430586902
79186717509
145559639814
146523728260
173040680200
32083630744
173699935449
96327766322
58511933361
146563898567
158021568285
32266946602
96605493448
28928161565
208854436982
169032478518
160311321861
196417982292
215681518520
41550778795
182451610493
207132436382
4060309439
190960750366
195825688537
189439534807
161972792165
110689470100
7906024100
153790984708
169211646877
60114854820
97151378618
101349154687
215618717339
6700087072
58706636287
38306509728
152770344419
119639369602
114988422079
52475556909
115366067454
18617180039
78763854952
185093796191
4013270548
108385711641
24859557442
158988502505
6971210602
26050300748
186645655563
73387123631
201355527094
55084860864
13763072834
59717992269
100197320626
39278342592
128444417279
480539737
155784088328
71781847186
54730717807
122667378768
118178166632
16895945616
189480651819
122577426241
113042293816
200337969560
35082459727
137324522856
47274852886
79357383014
33437749885
131049910958
13539447295
45469923282
175413219638
71357052414
74007892918
65386119338
87561708005
37286541484
80198647034
121127011304
143330891117
117369131939
165694698904
43500758576
33127921277
137225210619
70337279028
37096712297
162324523618
89828255964
176093764497
47534402865
107823475114
215468623424
150956376062
55606639452
38046625431
116729230192
4004353635
88666585969
68275744317
122408634617
41319168550
22714052812
15300532089
153871536677
125232753988
144023915599
170250616102
194369120781
134087747118
15666709203
21944453362
109295714747
83542335020
24734877228
5342653821
201587475551
21036779515
48575932538
71523437
58382014031
48717952945
76476342015
31893443450
198230017155
174389725811
165677016790
102413700412
107942487920
175871213420
139128230915
14978805323
204351750831
93704923973
107402147009
78723821536
41315859966
134204308051
41228823109
21296748158
74560688598
209111100119
108292939146
7717599499
151577040790
155587373909
84540516757
178664030766
62446863105
200428326157
98001477094
42632716267
170568465883
164174945544
86803247650
20530534588
197738746125
41852539780
101763845595
88167030148
111428562364
177517814293
20347497254
87886303962
54989989001
74709802812
39113153609
48775535957
178299238419
20088798077
157892526422
169990111385
104559691693
27303752707
93263698853
17846519731
17812221547
11568661429
151350402564
119441652887
64177387809
7185015811
185040440618
47653351565
13229731057
60868228153
52552710129
52200820918
119623927183
164272984023
4700375302
145209493586
1632308011
1894679035
207882535064
184194041557
85630956051
82283810937
79592105670
180242157556
120621267216
60158777502
212406086316
191661172262
3339416315
92947835252
178687788276
193950482744
104751506172
215262694147
116599595114
96214969731
4006321879
104103254583
111651611103
21626300747
134669011973
