196248296376
124664400730
155802102378
147919960312
200412809709
101273933879
162886613713
197538904174
34888302574
139004233610
204968439684
31766724097
91002682393
50502350102
97350708940
5025326556
83887016286
175133975287
13172750999
43965388409
195710891869
51676451820
168814941176
94313664945
107809966780
59423582864
99606776935
195014433284
138336577447
167371702272
89369450640
182315381670
128999516815
195993617030
197925017300
11977777458
196620270501
130330981234
12578476508
39947658445
7419986631
215602494345
18246091229
4052337521
173418594977
26105107981
20240153192
170265923090
126389732981
21809864133
47299596660
59414915027
91242117640
103446440480
77972094272
174025805925
85089494809
185031635140
17031639159
67135938299
36692596701
83558020240
59835809988
125326590549
99685409031
32299108850
105204632085
35389664091
31428455419
153609780115
173207691894
89991387310
111199497972
57440140345
68636700115
143564325026
136687155383
69372069805
62550147711
156022988107
183225732954
209874810763
153306158463
158984749263
53089797024
31455100605
141552087535
54559112249
127779423523
52287870191
76847874127
170879044845
56828642041
94066386332
49241278940
134905895179
160737190261
86686601402
126813075865
16283304328
109291796644
8711968902
27030038976
192108756935
16970438792
179320413710
193658334115
22486768943
107313819834
165336789961
20222527835
100571017700
96110600590
178496701649
205192043356
76344956423
78199553956
78324026144
144789718658
107655414209
139828025711
64067824636
194493205120
215256252883
94999489117
135757012409
19048374104
111418419533
65404062511
5925871429
214928788382
197023245388
79970882995
45066812126
126516352515
180978440526
152718118639
70551630519
185900790340
15343271079
39586099692
179392205157
96331264133
65859934968
101525978933
134838724804
193220757107
85993306959
61138490286
115836376298
45239332501
32005602348
159805190221
84054543428
160522886632
21515286161
113670195423
137767421270
166305568600
99023731866
151584469973
39095892161
39618199611
87242789232
32447423102
12789009135
103208518757
106790999797
21238522770
78421075712
8618103709
215257825071
121232033731
201058291952
128949669460
120046965629
73539307406
6512120878
198798621853
59615997292
32978670605
38898913022
100373863179
72182177972
173617198916
134096251733
94124131872
55661975518
157529357457
149947697700
39292780376
195446079107
68616925971
198659627575
194946442891
135534583588
206003583617
120287218644
155691249896
174454930765
3880371418
177146863158
66748695815
116526820981
105055496465
70336377660
8892159048
190320964751
181698040014
177985579478
153532271658
28999211479
56666761853
171895080734
47099454851
274061471
38534269733
94382887923
61962027209
213970567743
167746384245
101827405934
167628157119
111018620606
148680078177
78842687699
66391723411
178833252627
91027448104
109689934627
186178537895
114178630816
49615682779
2323222634
131917974583
65132418541
93925062036
136536673802
83449818928
191610466310
211876463073
133926928197
38455553398
144984641038
26476362825
62932513188
37452015075
191401880992
18419758282
159562752406
152357226207
71268994754
90360687961
4034846522
160842036623
51434831642
205876354436
35648948559
26457020490
174394315102
199873419511
21549969899
203575837061
91453119495
210453574069
163576848199
41325505413
135188302162
79930540714
193387276164
203348589469
79447532641
167818264921
177738882728
35710975414
152780737302
120528942559
195879995639
96999240049
127438432814
202276920525
136337665444
141877698688
82339062246
74005556271
183250043884
215366851306
176772761875
59146531970
110369478738
33602552448
9058469135
30165192374
25217360669
127570452279
30605552973
77008341728
90838561787
21970983398
45328428166
158144428966
166254725189
198071693022
199295354724
171761300955
52167887497
168592549693
199946898058
46664096630
100139400297
71538631549
150981042882
3303431312
212190194570
188035405990
161530600242
93270826113
49385844353
90585312153
185381553894
170918335176
4429739523
67352694596
180586934757
29360482713
2262656377
153198125835
167926697399
84211555210
206905815075
102116903894
6319665850
54637204853
71468325206
206555540277
86361480380
176385779417
1907323686
105554620758
151770436752
97590748916
155148572309
26748902817
81482196455
62554159204
89488304169
196765158827
162966079690
64715988487
204247461619
10090016394
127253239659
52291340689
81748849888
92407872448
96414661608
24273480828
20157917202
40656871735
74156643921
122490886372
142249995656
98147948868
5980638406
126945349383
136438756627
20608874831
16828213242
121476436650
184893112999
24813641093
144307336031
166196547503
71698993690
54280683116
82523420553
98427754024
201983119445
122110570373
86008734329
194797772875
44651713220
11185516347
69451795841
38029829661
3931175028
146218462945
98157011465
64083201551
144963630156
163227447923
37713099438
102262651715
29195543462
41445045822
25012166576
26491961944
17185919437
91580232545
47571613916
208794811473
96168401593
112666832422
117575683226
195717306319
170389306512
73421976594
193230864287
205905897949
207890500070
122785821367
82302532522
47322137002
64873773301
171282303901
192170512131
15225444422
125247031196
10181917834
28890806638
17419617331
209780938511
33016064461
192848663910
13644198562
197564674872
56743452991
86062524456
172806357571
43037981246
147016508407
13035508495
133121573186
50975188033
9923660951
31899386332
147034746877
202373934315
89377540938
154076224736
14672709356
106756724524
202910033792
179880533004
10245949228
43675210989
17651259508
104603254988
117325608625
162623469315
63193938156
150012889659
56866686695
18362305833
170253378127
96868560505
93506766001
45174254637
90533117686
107359571764
73552719871
59191922276
188448559845
144300313700
88765017880
10698553248
146150148120
120612600366
166463227692
119241735238
154385874136
158669137544
183252657350
56384372108
147234553430
36274311028
141104714428
164565538588
110479042864
123668759377
138447000229
119309761587
69234896806
191733580359
145423343486
138405509499
55522862922
115661877343
113378922868
76281399603
95542743107
163021650212
109976200950
6986575520
188839221392
101875931396
104910859424
157678511112
209209068909
29695719455
75310163110
31067896254
68299707439
21596335513
42674618762
5591274685
29140304477
7415358934
21502967611
87144883339
92850000967
212091861000
185875201582
186323383415
56264649358
34997172405
18405985145
18972939425
204411600287
66853722584
201043579764
58291927774
11433173424
11988289613
151259443781
143706988632
106672548444
178153896783
174607085898
49218179940
84713883132
60047963093
96641966851
202896933926
46341578465
103762354494
38870699837
182727274779
145220475166
185238044459
175472201942
143413402854
71989556260
171068812956
202832877172
115761997330
175983867627
68148623808
106750281365
101552914783
95237718078
67654573770
210304216201
189437896875
111698243562
214869172970
71353408642
61832530156
21847424129
186028976622
39424087776
43818075981
113997997519
73428691034
116010882077
196060011493
190995392772
164761110013
120335455284
8717923066
119010600758
199503569366
171772501057
47987950992
173283089570
69585197158
191032113844
53008694431
29387212511
319227396
184858083555
197288801444
54281938650
80670223181
198160225257
33116377506
126387167275
194847219145
188633226378
127670248176
48636152784
199597740171
174164678099
126198820301
178144420087
77640726128
37302199470
27694954124
30468763598
53653417324
176282943172
12138366603
54892965365
210734101366
77260933492
10879943542
11030042883
134661730524
212073763399
23318716093
115406158029
137142169573
169529000977
201317865640
144392343027
77573904913
140488028601
200528238704
118537968976
126430390823
102846451955
107756728069
94981290341
683914678
34855186550
29699257044
13318383459
130207094214
177732372597
95243748228
151755593349
104872087175
74620308183
79972261754
98172382387
77679522680
88695939789
47037285045
41597051868
60522866719
149253797771
11506397250
160622803485
20057533413
130421270292
131958914043
142788486358
63993703723
48022030444
169316195335
140323092448
68003486260
184095699015
121704079855
101540436735
122269522817
58018260407
13232665224
167650333852
107238981432
128798294556
153880827886
6596144431
140507985951
85481536969
133826160847
113687410832
116098441664
159563769727
166474099513
155495726205
65139813839
1949404415
31343826500
28171322733
84453651728
150774645855
93301229419
187140580945
153272892656
164784402011
102980074045
5042073846
38954804014
204764208828
15512947989
132305208907
158815538316
109475223760
98675321942
103676204555
123531672417
150667523139
24139181741
37953785079
12317838644
43892555508
189820284427
100613546550
14147682875
166365908822
127513427072
40691051469
2825224690
57274437822
66836428755
5000768410
183150706834
122442382086
92040089649
41398722234
110310729854
138741405326
86646616382
132733248068
178524764657
74426374849
155901600868
194920416586
157702100526
103244618898
79855221753
141499118591
98861646427
105674924029
81777089431
184629810921
100389220795
91777205938
214723701893
12262209952
30482846522
132476821803
158659049047
148370082256
70987433153
38682913586
143298270273
40879664163
80973464477
74921797940
210190631449
30863338822
177564655093
69915040890
212939657683
166575572380
148107356414
84100729798
212303488547
150649840530
64603402683
114038311214
75516517156
5724179410
98339137886
150458300022
93424440709
174172244823
32286245683
105372441351
42311402476
10421040197
40926222384
23007011549
36584498574
151692086947
46764561427
135383331708
200824858827
174515238396
96527570876
25450010970
38275167191
138442609125
112030454714
60975660505
27967758126
124783587988
171756985223
108835613635
206354106185
128844100743
183947312613
153959166382
209702588820
83689118391
176445473271
146813201981
46466742160
199936687411
164154095337
207080674575
8208286170
113379373667
86521071196
19543797659
201899329551
26173678967
100050709101
79697155902
140243087883
209271291235
133580909040
73143589884
177584602782
154433136809
210021052798
162174221757
140513635401
67731136257
53214205120
143153864426
177143827874
121324343606
52836899445
154312787294
33507383315
144360673237
30697776923
33997292873
196257165298
133248172588
191912366984
71997622375
21186263366
118100587241
4987321911
98093481843
101025515993
172887543304
116853877822
14055049540
110426101733
66582665196
118016996985
11864058077
117604924537
166513104852
175423067692
76947497005
92451465013
192366180742
37516026993
154035976069
199525651186
95689461983
144931785880
174150990047
200849847653
154584222711
63295304848
197024216774
38381518464
155520161496
44804439267
28153522078
168507885537
17236678199
140769883710
144192585414
32245438509
126540003141
47910311367
54995238447
189579344532
201548475266
117492218913
131140362495
115245839198
213102471640
82571294764
108755301554
582237718
181757534050
26324554581
53057108566
89759532802
58980518644
16397952115
18662115488
80596723781
14820211306
148094591414
150312454896
134092235867
207213744595
71526289027
152190303457
180510541526
78739682476
154421569261
1536262924
152914672900
101513757042
133648312990
36187734820
9984388614
126420457464
79554847824
35988383430
127388782955
204606322386
142686500443
208780628577
7127532047
144222137325
161747228043
63535841325
33394173976
24344834494
56590121357
154939586120
103742452309
47172156025
162613035447
132844312980
109519544429
106126318564
37165344649
169226499347
27725268365
172422779729
49870797758
159800773303
92569441568
161933415404
194207092939
173082567010
9925859266
190757386675
121515682459
138164697001
73585503449
165358777834
20641594376
50088183101
110533763920
139688554627
75433431861
24279339140
33476676107
15030674746
189507093685
199296322401
53093307731
191155140052
152517343536
194901045706
138235875184
183428245289
88413223875
152481627708
25603534888
153735342143
41651683538
171830801538
30471983458
207552560086
69893701135
136752492965
143222292090
143692459473
23174717852
2410891097
110433773603
88631138307
126901619520
77240476776
69790408345
144341613769
86932357856
58685937626
88698914687
30696037559
214602151399
108343223025
211031535403
79779351033
207221896818
44714835918
164677492821
86740497785
128562552105
207199236633
111284976996
17892053787
178400483864
93394942816
149613714531
68441879630
79034370499
190092807180
132373260569
191933575732
11690221946
39663404458
46252744254
110988363530
206560112392
101114911475
111033649919
75707557632
184325740002
82606728103
60498619057
91883420711
160316497690
969348450
23903688662
188177093429
94204969099
162865730524
199968588998
145402926578
132951342610
127992011276
82136948076
1573242113
82725559187
10494298577
189956058251
137069211615
105380274330
48755362703
962227119
66635686681
74639666991
173031751234
51917317144
143725908593
142737728803
202547435766
91123777637
205243232792
1204129149
135976755478
161539713109
61757753356
52184330269
52670196675
180232537532
122552255605
173542065056
40204720097
160867283957
147756678073
135288540108
48955744775
183276262693
80094388378
88484009367
65077688311
149131411960
120598554247
54860122012
53917915401
2534451935
204325786315
196717521167
81064221690
120011000764
48384801922
130129068292
14296150982
19463470233
51951648590
70543300360
189949710912
204789292507
44498074234
172918863040
102762948874
173922269006
46928700531
201202892342
133533568344
168446531362
177098960070
160262909143
98278123760
200600613181
67513841781
135079319405
7033289749
120476637955
77569820714
160081245392
214722793362
185767536133
60549159744
136788884934
81672941231
148758304209
36298052263
23947035302
34637018263
202828987795
153450875660
71845417016
35183617027
77831934012
36610318429
134437459248
80468417365
104671876162
115130407441
134823278954
25553130934
129130248219
64912017933
25966936755
125443874129
132377642708
97262008795
194954069618
179345483534
94143445709
25760716313
7583732387
183140817387
29826927142
92404616989
66912868910
96630370665
100942692522
30007783875
115250032899
119540893839
141290546575
167050122585
195384552804
91867102570
80457637180
10118985749
103734357121
169076668782
46525124030
59142856165
101009684368
97902419893
132735862988
130191248857
110882799570
173010132368
26270876444
161733681841
213522273144
191038432579
112450345475
104393282742
31549072569
199939970621
119484918899
12808313370
197749045151
90036301104
16520548850
92518761571
148908814031
16887017248
67483021466
172745939710
6083827119
186907247855
165616910558
193171003809
183818061780
75203966930
25418302101
104620972364
149447169992
104122099875
153941481394
10748631025
65609191462
202923452343
202175466852
153205229598
30198863953
194181912949
199895715256
167120319385
5216871950
20343920853
146208734195
125871230061
191874868871
178980307313
162333431186
111489780313
170503115297
34893848859
89216679251
2504387886
39219430778
200394641464
132927545504
118811998011
36159440027
59183179942
38258793996
200414113675
27980643040
81305134283
145613130119
194800435769
190134353735
130829412558
58621280833
210731199879
8830110148
197469846834
152862717966
32723990067
2974046595
195234340339
177245427786
181336890487
193052009639
140948290521
77334328439
167971070167
209904659128
154916969371
6072384930
207070199254
121865610964
58906460443
12421961572
172063727268
158568595201
181743122924
141753536701
123103015786
93528353829
103417622768
205839222037
141903571315
121773748933
16403812282
200127921271
174727348335
43303826316
197438224450
14375310717
4503758732
117967660114
187943861264
13367536399
2343094007
28184241746
151807693949
15147209199
49140389273
73257947401
95233157497
92382804018
140102478395
55559247692
162933126503
57816311243
37275709986
11037847553
80800669107
37446622664
96455277114
208514282702
52383620187
11291394501
185901540443
120603597211
161333314976
1630910997
211946440050
155751158002
98748319104
134395785710
131996036554
190355180954
91223862593
205185483581
44088267273
107889449749
89056068762
21964011853
74876909854
120179285363
143689178374
46572019160
5080034814
107415273001
161700396271
182618190354
178187008726
179312801735
69966566881
181891691397
81277083026
61023557713
173178988011
89914783237
141110533275
155016130291
3161812081
60844441478
20043264182
208032443209
77605106433
215423327775
61793159289
14656568676
36692314450
193469552639
210970014530
149062887769
156297819000
49122218168
120077148692
8007474933
195864422522
36549447052
3560146342
189204028574
89886943657
8371320195
17308975448
82021760194
8679064501
8347906335
100862260162
192543251786
131954050226
164460375063
99913059874
23567798454
155973505154
148541945208
189897781877
36080122262
153064859682
65526183763
59396376616
112156568219
127704726946
154673118222
159760788364
35658005925
101307330167
28957018795
23087069783
207658994764
59839348497
49918605320
210535639603
92674079643
11143978316
15719248840
74531965225
82280675674
211589277669
200695814545
196563024517
64180400051
58307194515
31293205297
64392792916
87892727650
144685956167
188329549691
34103963089
4570596820
191372981291
197286316739
84181225028
96524798928
138645650449
164829636382
154339423054
50360434186
31612745320
137454735641
83071480799
105777172053
141382459857
113828892923
101739936558
195337371558
95062063201
114533445277
205553486220
72974480513
32512584142
43809630934
181851434615
10350155697
34470189572
37235550575
81896181527
39138287667
205189103563
167239444376
122883201399
30547372491
95380418521
41814522896
166452249381
150958804339
187268908765
125810558395
136275881451
171144335049
64978545704
45441664041
165090425386
199173596257
120524910426
166580290276
206439562198
153745365790
87516560002
58317533986
158989352865
156023314643
152499297055
175970395379
48824332225
195050519723
83673434860
190642743805
213475876922
96237518316
212722631808
31108963336
134764332385
204398952088
132437598989
106181098577
44472851401
102627009152
85988153012
211325972935
18707284286
47599285994
131312806089
104002526392
205019618546
23154800239
16122268768
53538050330
36748839944
124292704282
159477825860
185981214786
28424692801
146658160349
176276257430
116631002729
4638018423
142896268004
122371709077
153682828334
9483170731
182025274086
187047725869
87402175637
57342883877
195462597078
89741871579
76918539732
25483070462
21801158184
99459282863
19588096402
115881399179
45059843919
23409210911
74011078662
72342148842
17168226872
118749951785
114248992563
117258540801
102764313211
64626006094
158970570964
94143120321
188193606802
39957987548
186398565950
110242335970
101456597900
128066054298
81825721718
32380983117
58456079707
193423609759
133585178773
91981284400
165167353166
148186924208
149218323764
122473588213
38841817736
122487164224
171709154453
63085680110
125543079896
34980972457
118358038127
168704363986
190175852420
156893577066
69715167228
135177941236
122766729457
176251357564
137461221683
8901024633
187776146461
113455112352
212684439214
1106124129
173861900712
68868040117
80824464696
21634547798
165606410806
152860888763
43455424992
33212150650
161691272313
186160210453
95616917230
37706397904
100534639243
215017354091
115191701654
53802423337
138843513534
67806203813
62664788536
93969933862
122270221549
144049220138
181576458985
26833379598
37333742478
198921719418
100453357352
171068611213
98351061710
188731616334
121415315034
95975960527
77413841044
61231956060
49977933383
21706830162
94718309387
114600363937
54294254003
154206375746
20316282599
27958553675
21504254390
46357102245
78778346849
35180725573
175452640802
12796277689
186634585698
5593769001
75402837099
80192843314
171030614040
30859713348
157173492421
69534697756
157306297580
30472701785
207007185543
103549103585
76696787661
189581940108
113761282552
107332141310
91126727378
133163281235
113241053872
81762421713
29131393178
179750432007
43196369889
170146782948
177357361307
191690101476
102062342369
213060879814
130123951688
13475801776
143754951402
84558689315
111616687936
133006965611
87200731878
23658723705
185325427467
57626073968
150070010079
2222684714
47446316916
44478751056
131018676038
95148938873
62052318172
195985055719
206299942567
70979686691
147334577636
43933233764
87571485067
126006389953
54648787057
78038713955
21059509132
195121021203
12196414805
194485174737
107036082133
77238510392
167131336575
134472449164
7534232082
167393030637
46229510419
200982229662
83776759905
122399784895
92436917034
171608196370
39579999957
179988305639
51826326628
50106805998
139354991265
214524637731
136999968780
187590378684
17493548138
173178880828
87684113650
145434190140
23554408256
88880576758
154224152167
119718197749
214476469265
105384074891
198285090178
77896868028
97951013542
133243735014
23063669550
66017990621
159831740261
166644324512
50261812330
98830230233
98253169224
22082715044
168052714598
115912903284
165297823962
173944725002
94072838565
78745964774
203534876679
10994804464
173291179403
158423827824
64976266840
55591222223
137567069916
63592833826
31810826350
28015678498
55601730532
66897510416
92683350375
67449068260
74365111048
83330211248
166156750679
51247017080
79287433780
7713171918
123183462693
9104036815
209762269847
76934381736
57394002745
197136901795
107045434849
179181401672
150556601450
8538843626
76564517526
141636600318
201131443277
112211769639
191086957435
194776036603
29225585241
156707018485
60275482222
357688085
186549078224
206279450206
103620573687
47008623029
188645750152
214093306590
24169073238
176878236572
185519026239
76706328264
32172607056
94916227984
21760270983
60865079288
172945741126
69164594115
193188410895
165952820198
57487820507
89108339985
173587841681
173022238100
188863515955
203312280512
113420904931
1398955637
185655990627
70107358548
76538765925
212727885905
157681155596
122208575833
147628352776
90693800035
129143848662
173773525246
202118425486
38484075466
82107767037
183251951790
108610090665
56077935908
52736217497
74559736281
80908807000
124365572788
23522553224
154199159095
51765201455
194344539351
97074928358
189925294608
127847114927
123564840579
23689972959
181494491151
146557080332
88049999954
149882452875
72494906149
48894051631
111185951854
117684801812
21477108840
4954373645
89308129635
15367964492
133313684319
14378447801
104255716379
70358346919
34839088479
68156076927
106958346244
126713539681
119468451044
171774825382
215846695906
5542370270
6545322277
4057540637
203776239174
24729525430
150520771444
158096074789
163847248170
203258143082
84847139230
107713856675
8431161497
113278631412
40702467946
35909292089
199538946112
40175694036
193677562559
211096314898
70237386541
197442940637
137718453118
102846861393
117377965583
84533774173
177310768730
137628988254
22532879037
43829378048
175284169447
166105333863
128287441628
44465806101
124793603370
122626148900
144866684035
94902369710
167827180093
207376728790
38365363380
11240283345
186613853623
90693765890
41653907323
169308286621
110414972885
34235283399
190131208494
98096907568
151970871010
136271890339
159788903597
74946044247
170772470161
62380401276
130897247989
120870689735
56570029458
36878092410
73647249394
168391417384
168245128376
77411140395
118836644466
113748818777
84600036795
159841172927
138508313420
6576544877
172293323099
50563606851
132780116501
8732950436
188283375043
75762762794
104987418825
173474125588
119927799997
165410669841
3501172270
31908836271
135420176049
2424236174
174350247012
50223325038
169964913898
150159204047
49104256075
71894666548
25599814748
89580640961
108930972504
6089757894
72193768459
205667789385
142592044755
80289452116
54929868424
29330084356
22358490357
151004821307
41470691628
202969880174
106304652216
71705408660
117178635757
7146806147
77586916205
23000822418
84963284086
54563865111
4726733151
210499730871
154104390594
159753396626
128173861610
191767676408
204864022750
84326665562
155368814297
168099572013
79619864695
2488410302
148104014230
204985149315
12706239851
209210690400
156313935469
9715213429
176834967165
122076418370
160683908298
134743503210
172838464664
24454423205
91274520841
66957706638
190829474714
56967598758
201669992340
36918690375
163123843005
30959055115
138496579908
195357831232
2501314572
21883388704
177057150598
70187857234
151884820868
128296119319
111040622968
135896313785
177244034480
33303313818
67742666636
81515881411
99543399722
204372622730
118057201070
78237600836
197670370680
97341267927
49176041846
114187490644
149179409508
31826266329
212326852090
201689869903
25823784294
150863131750
183848919908
52644296721
48354104023
204565580073
176338445468
19082364072
95713190825
1831195664
199472035634
100789980373
54815679792
211865612421
9261216876
2647454076
126775289972
78793000823
114427297545
215114855741
84358817922
176730892655
184994303916
92385307826
1368529182
35699149701
31627428232
57531017476
6181844943
139553717800
157510903523
173917570503
156759806646
97912700415
20473689267
10908432896
177599482880
130732053857
205848931476
64808474369
180467641693
23018155352
64952126413
126500436716
38914752753
150419896363
68980129260
58752327623
161257725578
58920811770
12906364997
112662528768
163452283664
157656714715
38752998231
55091486084
150141787431
51650126049
132172197965
32972130528
93767045182
131308700956
203946897342
163162521763
120394767177
89254788876
178972022242
136318348746
59320151642
99474641063
84591612036
91273159964
94855047001
78289781485
66707461001
206990353236
3623832189
207213652225
194628667585
146848646408
196661083204
120799138802
208779843594
154007669789
196807831407
70882639828
136783640085
82484903443
107174136400
136606624800
133967989129
49942889529
105120333903
147569062590
88241976607
162338504120
78428205738
123676993518
9749544348
118628273607
122268164262
130293595243
28216248021
17285808033
33576876387
117697061737
141000246268
130857075636
186453136041
201132616535
130364709981
135944453844
67383428456
35787741768
63372052051
16306643855
147483259293
191265167869
80575241142
105402916818
195709262192
127167673866
189441781158
30449569718
120881131799
76751403902
147064955231
102974699993
167775717775
214152971520
189943953187
183169532625
101114931392
171309428794
56821069013
79919631571
126688906540
123284324133
496982009
190485623400
98746760226
155550912992
175304507564
126841194808
180782207829
57994278289
188546710189
11327352000
51974271778
191148826296
74710283453
102932112214
188417022340
110512814824
11698829546
170258872937
39152648137
46136717529
198320478203
19068659699
31555700605
165474710342
155200261862
160092564566
96984126575
18899060542
109016031497
53469922882
27747524259
191900203689
173231836430
214871546028
3026067814
18273194460
5140898758
104746109569
203586294840
84643080306
149181791119
152675593049
29603291026
201319661702
114791999579
161250744171
153257968200
50049594758
86044403764
68702308946
31440003412
104352124549
51134994989
154250308517
100832625905
128911259533
107736129866
127436863564
53708664272
88917878211
25383337004
68498181664
156932897749
146108245526
121598424554
154550262111
119146456325
187787256872
159607634956
28196866718
26501033193
167639535288
206657368562
10511674111
104223555825
215226656825
36509426124
207078785816
193300999612
121673733069
212242177213
205311540701
112891281691
85289882788
71763223504
159065432284
43800184407
31325239099
23164913328
100845411352
107879248146
111159256129
92296417249
116327126991
32314087120
46490280276
160348648944
109611675158
26155212872
188899111735
137699438898
102248890847
88447559710
123974076175
44982252255
76855042869
36474308700
150578698169
130855384181
55849694751
124259061740
115839834026
23257079532
192948624428
92471886311
107868181483
92177978256
201499883227
101971742358
156364075087
45932424367
85993798718
6767106493
74821120237
5403099023
149684240238
72396638639
207388956647
63184125337
109621607039
105265309124
56148680835
187668092694
169449772448
207315114336
51744514801
189293571563
25352253097
144851926968
72990196859
173098068122
128675139136
162565210810
197931018774
18864557634
212277094694
169598058621
96518537181
135856072021
93967128569
122918863275
193386447131
157164279288
111863945691
151480213505
159249916844
148028269060
21639256721
122847859594
143630683485
154854505373
97569389493
71100345959
42071365622
101966703930
44017328302
17708865894
28254885649
81220173720
28611628052
185116529458
141168689008
159848136790
56018391749
155010628586
125596431820
38529596759
137889012395
11271318174
212818892896
83788393916
125969929358
2559844052
109079063362
131636494390
206233407558
191325365168
16783237699
54879485435
160034158334
60334695904
168575645685
93537729559
92661318508
129679085548
1737696437
192828429802
116707483960
211022717228
32719446053
178895433715
215481995856
168210691447
77273565978
155470408480
95940453039
215723876901
21173832472
69429092014
141353527041
184166878973
129766743258
193601282590
193904370750
98104737547
146622542248
4098068860
44624392849
204658162696
163891330636
39103497642
1463081729
87743797574
18322055043
59253058564
93490547250
198263464375
208012737246
100716956512
169151850042
11681461839
109837783314
57792194090
202820412869
70889001013
36244981553
176375452630
180842659724
124318351192
58791863474
172971258697
71918908141
38728640679
193130932978
143649579082
160916834381
67446326215
85532144048
50921167140
146601589658
38815710695
91657307263
84593862415
199193522799
80431527909
120539201269
75322331996
187026555034
27348288822
2922172834
86981331240
41990920423
191101455233
212050528090
214725688149
188316390609
210719561623
60379193718
137812462599
162790882905
67480126216
168188370032
106606718975
17838694915
159903793180
203989858161
49333841351
94074231053
30480028252
93723241347
165376775027
82283377492
150171725877
163458483007
121325308056
37494322252
170581280745
83006404838
176398401509
67748804370
138566926027
52862393002
215086553233
154490360132
185174982202
206317874999
126641735333
215778723018
142493185126
199088214233
22588063851
119409504251
64617014382
147127963143
201208539643
11222572399
5667047142
158184316167
80426414914
204283000898
195823117697
536301754
53644699427
39028261684
157259021587
137349437148
126337363770
173572339771
66435412915
105082521815
171497284747
200105191740
30590006582
76337991174
157008267697
22241592882
73562615998
188814573872
16648506419
22832243862
14992786203
24432653481
132557553595
150014102007
87282092399
207414447838
28541661202
165964734599
19640383663
1963165098
3658950994
183169028638
28659640518
161368197056
68318258211
123230047825
163185945242
183863491067
27385749967
70159563990
39358519011
110229197022
95781241491
67354153278
176287817899
95757750992
176883161981
15526807472
26467162110
46675864832
93226977651
96068845250
91893437833
140551767431
693214474
77538192304
21964755967
164429456933
152879121817
78856875263
5240038235
96076826595
43533262770
205707409603
143491741343
197426231863
4426087130
56020075262
9058715142
97896687507
107839472317
10917044687
102988353705
42435263520
107347412236
9798189830
142854039457
32386706668
101727943428
196190465406
203439282079
54080681952
91463965959
160625486566
9422328021
96601248472
63105428534
58778227479
129491275676
17804451027
174690352383
42593954585
139226040151
25574165992
87753050103
76521702998
144802874623
149592201868
34615192675
6048984249
112121120738
130818926020
160816468579
86411372955
91038141488
67231332586
49424014901
103654647943
92113141340
211984324417
193036944666
193426230889
149823323429
74946292680
196028233703
17537175927
101864793340
145018596640
101117145786
200410451583
204373044962
113701963302
193793364163
123117175203
6248561720
36891079622
12697119010
169292006963
48766503744
203024108252
129790567715
35920600831
153182905496
128758568577
201173234591
62947375640
209363795092
120377204165
114598101951
123151532653
118594458634
53367033481
92643039530
111601619590
186584118787
93273087139
180783216856
78587828524
63016716999
107914556460
20203539834
11748143275
203155618692
105398525047
22647187479
160278001529
42136253403
76456553479
48610104316
104748452653
37003488031
118663765951
199910861553
45921427273
161307048433
93080450714
145764673309
128749100736
35704529382
139147869586
108576802277
53405390231
189008288443
162218688454
182728821072
16964000841
112905379087
31472731463
43658756098
103682681233
90482317704
175702511920
103300879990
168975709623
215339690177
97108464379
120251528475
70588257702
9103169455
195995745016
135299563140
109356912099
115141120682
112285006579
209857437543
60119504573
101872654592
201242625648
86790187686
65718937350
175306358056
98799949399
135794675499
111487274531
200277699815
99608043622
173387942430
144146336305
56632729433
110903102758
120487117871
64367279659
60921371928
131376334672
56797744188
172360047934
94307279154
147911803967
109004912862
145708922585
150275453913
45940925602
107523975061
78178132249
125037961673
38327588337
122348711530
197227975269
202908843230
12987082300
155680094417
211312793080
19912832829
145409930127
24420791604
198734842958
128815670744
51606718612
170056858896
213775417463
90132378389
144234074315
132331615039
76132616105
114279014417
130576997191
181917094359
156946636132
83300825820
59481102183
19261452555
212385288225
95524322415
52095865314
131675178057
7977183534
68609034265
185107737870
186448556320
124279492951
93065135527
31133466552
190128099489
74480222550
202729753371
72215184912
29680823660
129771419178
198294306017
210383047715
59687788981
143740506952
29082915689
31030865122
80078309522
11839482649
148483687636
203941943148
197641503412
26398010585
91920216350
113172846999
165130519250
122605895318
159865984079
182143048115
187181842347
199472888505
169817106924
106421215166
10143675107
26386190090
120107372192
213179614781
202521529714
146166903041
212828993122
51725668111
36170590553
116193470809
174859951881
181996250810
72370768694
16795599295
133130895086
133268934681
212547898866
78000545811
78781374667
212375189029
162858248142
156976811400
79891220912
78528888315
42201264791
61480431287
11322598942
131131530621
178958645811
5741838845
39487969164
66053762550
76683597469
101788217687
213697572797
177761244661
129135930948
8469453953
15173814121
209278844641
23949114055
200829536570
54638405859
24044901894
192238430119
88738407664
33529210968
123976792933
124107087976
125892331648
48916865973
50232552654
33863990612
182292560599
90208276188
92858969350
46756570507
160759203058
41039989412
152454986046
138172930142
214001636643
31074012862
119550233371
25841208188
60195459558
214945390340
135043547235
103773056270
71430304620
26293246427
5672210599
1396048456
4481254876
10421302693
147012868132
69953741399
63761665452
164320878988
147140559263
190006331270
45524872170
70987676520
39349859346
7996860084
135566373033
83502473780
208390017265
113074761724
159794648110
51937640907
51804626079
123760738306
176969289583
70775686268
12370232072
53189704462
173550335491
208010881414
81875369080
42957747272
214078199725
159752039598
20448406375
12341418960
194027695799
180145681230
104825593418
131276091365
84456662677
148881392315
17010248508
203269175671
11068157160
24443391497
206712018482
19027629813
124732917291
170296410738
181616711379
50820569604
163797144119
169847718159
62063332593
122981808730
165465773687
158636821569
11692889707
12112673964
157620356142
102077054779
102218198621
124436033858
93920483988
192888896513
159829414663
22012939767
136548927084
8952032877
201897784259
184122776747
48942836489
74487457369
44850520201
138509662430
30618580671
82574650357
57880138378
211228209709
126720022011
143023152993
160556105099
74185333171
42081707200
162760613512
167750938265
105497424669
70419463338
196428337905
13773184182
66019507808
49715165061
18861912516
204333619591
103244333395
188141990845
146481908107
149672339116
66592547445
14255839389
87259173140
35136943761
121233589018
3301950065
18276729641
111135008186
44566162049
140568135937
46109151893
120346170142
164868486221
128007126009
104895026013
8117605611
97754122648
206258615360
155577455452
77493347998
84339559378
208214390563
4344537564
156384222237
201746478103
32333318710
28739224252
100225246094
6414438633
156044048250
19858604671
169335777202
82767302631
42747437451
71147339949
5705418143
166624672867
40265311525
65934596203
75073472344
36883009460
158875920706
82838852298
174800988397
17565261654
215567985769
74785498498
71800478608
187077084524
17384403887
89914791504
24360120804
193035622684
10569815741
151458667510
142894909313
159786286318
97483287614
210740397237
4061565709
31558269235
14233994591
81058047361
47270226574
108711287804
64083926782
54579884727
5724583756
158830856517
117617242664
92227029099
105523606935
196638028568
143174629761
8292855454
161202414265
131715068249
17373818168
72627026770
116193484514
14022397991
101510958973
171082608928
186289536756
39326748015
70689941173
61844544250
167364854394
185510641004
173172830403
68592979859
153856386538
21181124228
145899121347
4995975324
72768183078
88201451840
73762516241
177650390953
137164902080
128799500862
110031346492
82931618075
78977314320
61239422122
15670766334
99265198909
73787833916
140321165295
5217837829
138182316125
70784076194
151229330481
182125968599
31837425341
72089944896
17681456618
158948689905
147785079538
71851387264
150154535096
37577566397
36392923730
163178490258
118991055670
80398286558
215833000607
187392305161
78345961744
49057105953
