124749870838
154723022284
184240302345
191175773967
122620079259
147510658410
203937357855
177997904516
118087807589
52861042925
12840817356
42080917473
119111670789
22963886013
22589915672
146325132600
32219169121
207821794497
67888297470
90674848842
60935056393
103642167802
209108546557
113414682943
16843588549
43874060009
68422551386
34947321580
90088619584
129330298757
39872456694
31945356915
115877198252
94963485205
121694233756
37365324325
121033518817
195983501665
75892787690
31166297945
70340629610
208487793222
188538585101
118276898134
4574531819
113077688292
140118388999
43995651444
8338352574
196406980325
90348674522
169984434954
127419559809
124513741088
12246959304
141162234652
206314237159
198015719246
24690957819
24231704818
118027614052
117739057019
117345457316
13973831131
30407843699
55455627579
206540807840
155484772274
119015903273
19552689985
151525966098
90870240512
195139012288
11291261888
135614253306
148273188751
54866005871
132075502500
35280591966
56049431616
66953944035
61097862062
199097750689
131410216131
77612200870
18855745046
22983991792
210691571371
46311836633
38824019901
113428119568
174925507002
33469907356
59466622230
15106493296
174265365574
116820531970
154791580680
62920867934
212834903412
160003350052
161487454150
190342038764
101879958007
82125927852
37079775221
129051413920
215750280711
85070028323
90981050980
135696326639
166004783795
92030858839
45795366673
8662052663
182353651480
61975338371
150941000770
28448113727
40462306795
135563184407
141861000821
204185163434
42080911060
74272208816
117064532228
95700543538
142025159794
73010792273
108915371177
72475100548
214494795853
91456002842
32173811045
198458034361
182795222069
25497982461
74900248031
1886541574
139945182622
28588433155
72321813118
69054542082
123835726382
91063324890
34906585732
39441995669
198058826564
119109393965
45181766181
84202393860
5951979567
162447490949
118348198359
124707198235
8333567907
191278860958
147146540976
204463294674
194863756134
40152777350
215497900258
42739478748
209527532579
29537644331
81747821708
26425888223
199925174746
105621205954
212255704523
2216155295
90880210194
67081926136
168741687973
140259482355
53419874001
137169453915
110242633114
128396252962
116848856647
212933304174
190932005900
27083919353
67504171064
95530681845
74557043277
130937496792
46611753044
95343361314
118044925052
8623749971
172222609908
55686023770
130844254403
73791002228
133505054251
91178541225
160671295225
196808856052
64777343874
75187303846
75363950237
118186045801
176077727191
129929495085
58553818197
145556302109
210144845468
72994959233
28893214730
160508571204
198705245794
103949891799
104222709364
202382408249
27545448050
139059162886
17860736099
168741669103
111012868860
7018853195
182655486664
205517757679
140149431066
150994508495
23353068738
183468680439
29317553851
83311425829
208253371315
197644564734
18201116004
4815493294
92358817421
2319705625
183296269521
17936922235
138114464616
135151006976
49130975202
51511483758
4158174634
80632478874
118488555405
167659893142
89355421104
203332294677
55609696483
47610906307
159812327811
57965597383
142275331604
4178116394
103608667942
160914023785
178267894860
8421125205
44491701824
36352806025
5799111983
181517912059
143405977124
126842546003
61193760599
151296312109
5575558447
11335834081
66790895974
158635180607
207288756716
161048899537
35361606479
51379764826
101255218144
28978982330
80315522050
138566120937
188880090601
137920866340
93208096993
75648920180
60108389061
19206252806
137538171921
182707965632
189317955634
37233556582
190425866204
47347957494
156057454395
190269315925
118471472265
33601099580
132126832328
90144866269
15229802482
75515407404
54091603595
140877269259
9796254547
140328348428
82655074620
110538394349
40172939890
193579601625
26549635793
205126503494
88278577578
117407630313
162111502509
198356844186
54088389656
18458094747
148234867411
46849716041
212945922514
65435902049
118853450498
66920757005
171794908358
22405025860
125073926281
5792677098
115179555276
84973696574
125856679773
67640654569
115761049423
39167960913
109681824514
167808407639
61164850097
45478420238
31814658545
29447734615
32455181926
79082299067
94600743463
196242990307
44619262776
169791872486
17428181252
124740048594
111508486751
2197661233
59952756054
180847006325
167553886453
198863624652
212806608568
145257890038
116778161163
52709081692
75002848536
53657878748
111600950931
154204751606
9837560791
89757084621
31346009622
61213572998
158570923687
59222367329
106893841461
3564248034
12377311080
150533372255
166892347847
82283076335
16042245174
23725216172
66032831785
83413074441
114315830608
212662303742
123391372333
149937030389
3553575623
133010697453
43425537149
170661832814
130491962009
91471140769
26880333763
204886901816
52055608569
42910009164
58749032889
34134934687
81993323580
197090242695
55483309860
32605680462
35623366493
159379223374
53833374776
115085468172
37957221701
117040587884
21160670896
211516372528
73898484324
76507619254
91544525939
74877644795
114818987475
39822141932
169018770407
157337817032
165849831126
39406546243
83971073841
95878578379
154767469774
23798704747
115405477454
135880080898
179779250088
49238290865
4756935564
129774713944
184139740738
215373783710
32959157667
174307785688
129947522240
108299820286
3859846501
133235895678
75709624321
71506400877
183596085776
156406348269
74131511404
52429499424
94097625071
94689511333
59393593081
81382768714
111883353468
65532142739
159748919557
168217972119
97221448133
130161655938
104791899007
108786356628
52440886336
106655304108
164450119162
51739970941
24088879954
100191274095
159190926702
147475529660
211599369186
44870905074
124865278779
132369752644
140218685180
83939908701
167585777566
5803461150
33579712471
201416617234
138203876501
38994378308
212971733293
33558257029
66418714315
79144621119
118606392079
53349559629
159049449625
123681269361
159935675300
201472996486
87227476548
190860388402
39615664521
129829412914
122497503712
97405967332
175022244771
10109322158
33080862446
108682823077
137457728326
53598384684
11536297282
130038256249
34795734740
118662047209
81764253744
116905102356
28218693944
24050819104
11239289633
33807371084
174920047945
105899515850
110232554921
153036428241
60301762453
199628258891
152707264767
18511058197
110954814279
124039338908
197916801657
62713130812
197728511628
66593289668
159460766981
164644137618
52945426414
52302411797
161461477893
52861035050
143824860263
183749996802
16913943305
52813016246
41793360967
124986598367
104211235959
130469629401
167474230280
30124385340
34452830598
74948134387
31663629291
141275278269
196610632625
104744622842
29065901719
176572553406
47784437791
9435105196
131602278108
152524641945
121272551139
151357525487
117081029916
140788161991
116112059290
86365990996
93986008621
111809863082
161191424532
118005861664
182113143492
111760680580
69116476694
56595902907
54242965623
65102773523
103198034547
38461816692
61774665570
145518795279
29357384187
177786494456
24710876610
198149548447
98665201427
215041376475
118472350933
156650104157
95979995856
130152797869
111049945037
61589597140
9872770779
213026377039
170404864155
82825518897
120919749206
47410065603
77078340061
55130378071
2193744704
110442168648
18317216268
111358178650
176461108971
92239808881
146183394222
167325083696
178224022456
31692498008
105588533162
86742021698
74049760393
126558388809
166366058760
114314995779
196668524502
135515233991
10642440318
211719592906
6551296951
69392215073
68839876957
194614043321
146749146802
36886298197
124067556992
11332912177
52179832690
140611404390
129446003834
12219199029
142378961603
36087173370
206498259505
116619754098
57125812272
213122280755
175187045015
161540087630
65698710486
155395007636
204491047512
109260215855
117133530220
67166370295
54580815255
94425918203
30063099446
60633739325
71207889268
87997485106
108385179666
169296917732
61793767191
81350378747
214655208788
3589735379
188841659521
13245340115
22430509930
124749240056
108735394131
151602585489
15596742650
154643959723
141029946301
90031260702
191083877166
168614330790
142692988472
157690699593
183382959553
12568273264
212577379918
12199559927
106842344796
46320179916
35017981448
90235335009
212001209503
4850371832
98671191463
211657571946
97174068764
24495205983
140873322491
127180560628
116581013083
131814350046
166525394402
187654772120
134626755454
61739201297
130343238250
26342519882
46130412454
74584609508
175480532048
80831726517
164416022670
25309720355
63056784533
114803991821
25831886796
95311424310
116555711746
176323087153
20401385439
93756026713
48301987381
11018641033
110575286506
173861563718
80485684962
176385325673
88837906075
30231682021
65122188892
181755038379
24616506873
173874757969
39589784155
13990718160
159090805500
133552859820
151376400824
143618809645
24980728637
180363676072
12643998813
43014125842
97156129039
175252019780
142415706139
42186997793
102872955695
108858462012
4471636150
52386444504
88333538711
64645728416
183611100429
108475945247
47642866193
88239666796
104030882729
59083062151
201572197106
50728672312
56311419237
164075740092
99398283407
201539666125
89905810326
197535474924
65342362659
90336763818
38846996688
176749616097
71467140965
123865744024
22639140496
46796553082
52199057972
188744919314
10188118866
202508398415
90143257266
44212331520
22760023339
111040035122
146777287841
123470585343
25371734991
154490071120
23098696670
190643832780
55032458852
45746127954
130642641438
141648685313
213955342332
132533701512
123483525824
182324731673
60524175329
61810349075
95424779423
156001507488
176702425324
36774066492
123736448874
30968228013
134017431152
135221072878
5291062877
201668449291
78969445089
74588985758
160007020504
161142607081
135946705837
95149315643
131367274763
15880575870
34494607206
167867521212
58781534490
48040068144
213972410313
140528357114
38849546801
176352931574
197788138177
137200239916
39694125209
27364116151
161809056279
28823246443
103555187791
64770286843
67074119129
3939050486
61340614041
110958959586
214829773676
198036304210
124175098546
123838995971
27224574411
82334203307
12896718031
131120176393
111472195021
140255419838
119243116233
89337842614
61916272215
64126560599
68722392739
38189159019
102988443685
144032298467
33249333757
160056829402
167706116530
37872869348
174991507408
214117998480
19691809486
65236020676
82329127061
167199613481
68296631304
4129347760
45421279283
54789282709
68879574855
206316552837
101702813418
17226571832
103721391390
36050697418
29640487616
174808912521
160101932255
117649745499
45703668032
124422621872
180944032842
8889560152
83296482633
3896631002
170828761843
95070233599
195019292854
92399239042
25235058006
158612823174
156388606993
212870361919
119224288156
190177625234
169367277683
210458446746
197800669520
98477464555
2289623173
211672751257
79336484861
36862114490
151729141843
156806986509
42515468763
28522131996
148424125358
11747057715
213457576944
159848161143
65073622907
133527281059
144655184330
26005761343
3676881602
65887855720
154563911252
213567467229
19665587885
90363043820
144414691654
101104430775
113547877179
169438972692
66561770884
152845460561
188097740859
82149807622
51279400130
8420170775
30345797013
51037291570
92614858638
81017300246
210453482365
160320913068
114950539562
8184924891
152776505237
36217046852
153882094112
73188815553
20495645694
173735700135
73656454248
168175034230
24357935839
28673788338
205962656001
73110047875
62183988622
150492085570
116316669977
5130373175
2115626892
215012097367
118261501440
24148846417
45530047570
52357212273
47804085686
15421507843
199976920015
124946921777
215221130915
4287614902
65169229876
204789839200
210539585587
205496156244
212104272774
164827447438
202216915770
56370976105
183385631221
3303981605
32892880695
89050937194
48221123577
56151179486
66478173593
160027637592
91413468910
81458387758
29175656575
62184637463
65091111707
41827567132
61533584124
65362078988
164957210078
17121588589
126943331862
35221962569
53311414441
132866068263
43374940546
176201649803
94528342418
178078075312
210171766870
2895965025
7244916315
15800426858
135092589654
209559071497
34170903121
18604556770
23889638726
168252079825
52357201197
46451842215
119161462491
104811562382
95276291488
82685774142
62781245644
137119902979
112738046375
110682540657
108357287140
175401728666
156582409423
75426910729
54596105474
30761809857
193354982709
112353475600
83583167850
53191107591
118717997201
45176835890
188492950240
103734509915
122018326778
94949096433
68652445899
122933593485
111416340504
213192930464
163534993739
178105266296
88507152243
95574380881
133841880344
139234463072
43840539906
52877273990
144606444174
112642365417
156274160922
35277502775
28231610866
177685392586
174973819313
160535436201
11718746652
170182515865
17721283454
39973285383
212476515809
206014892822
214986635712
156339434664
72209878182
30507863257
42820694815
199810371514
172033207117
179997782423
45984989131
32839540455
122416983105
154238912598
59177486833
39261093988
34674792065
97668949126
61803603961
159499527302
147416906405
94900637938
159281511895
131171042409
162044200118
62430497895
61442852591
13870668669
6373686721
9556012357
39900074845
127074771840
139285863107
33353339031
51058712803
8360203042
29672536834
24922077830
26231848970
108598927405
75249500785
122142028325
73289073933
99081710339
116048936564
42777102457
146393149738
47846637597
130697136936
19752248252
74824799651
17943634312
143886993717
172132877126
37675801192
194477558854
24580122645
43320738359
107119918278
58158188998
19386677245
61833369194
4362832404
148590095079
12513283928
7607272440
73137471268
33140640779
202790518089
53518828690
169178716541
95804795150
211871086816
36958014893
171879301907
169920294771
201526878198
60340807587
8816080708
66380908207
30921532022
160033852713
94580329846
184511334829
108999812579
31277792268
75335945312
62884313786
51957795529
183930590307
124341341877
167999817252
208575012273
109431315351
79182193471
27689886011
159927451471
28673379795
146565926864
123201899445
114080412505
177063503103
177948166760
11949693223
48176268961
49763484268
212802229530
84167983458
