77693754892
25140306875
120787483942
54684218301
82159711904
123217330153
168428418063
158956943356
148673123037
150171707726
155388534897
159233219985
145469338987
105809057740
166755240784
185666101268
16561938159
125746170413
143062637058
19869423657
203908901755
209120591074
3997817830
140622333076
77094189307
190741230684
196531497557
191931733899
184672075683
81001267675
39816661852
110546294009
47049767572
49775046139
47619519883
116279908454
52945420600
81838394627
105911277624
41272647088
192553145266
117838536169
33824811645
180539235427
39332774418
122305491975
130044798427
13852505762
61623168504
156231595318
167301488917
12963039408
1122641535
16719168721
32272242325
129926368528
86064440703
163510809893
98165111395
18563297100
176195429576
64804304264
145578854847
92225789399
80675479625
22600364953
64776339413
10795884139
95577163072
8724572947
197861429135
180734053992
24756662845
6122447696
75868979885
155226523794
108052204346
90509070886
24857808741
142146175005
83866959028
66104178179
65764189280
187710038798
93217262325
80052586937
214934674067
148028452270
164012141537
16589992738
58316681885
167486413712
126478417707
8574124969
210463572723
111125532002
191116521488
181345411393
67284846991
171045551880
78193577934
92662998949
7244919081
147554792265
187514858040
58184964211
95483920148
193865537912
103982380571
104123574332
31668700493
51835529733
149909853455
101035585405
71519738443
56107100717
143303149530
99740754618
83274851948
183123576364
188622929045
18317208589
164525655873
127641412121
103370372119
157993042104
194464932592
91961070323
155084250648
19860134318
198904527807
10850781514
187627963647
197958890193
200711741185
105555697922
133836578304
32018992828
20032824094
146164294680
132873407241
15129546825
80671385769
149887424198
15404981750
116767829037
213669392159
118630517459
76307655873
50375971120
22321380662
145562325855
53562651515
41824168685
134890613403
26524661509
46799147728
161558002236
47055424736
42420129319
148301525921
33700291645
127593836083
28670911312
16583960490
213962205170
163224043110
202117387985
186685337555
187469296168
104304646089
174179013916
192528875741
187099811289
20622646379
44166962475
135926369641
61864226584
138467212402
170241322779
212793616216
81536052633
206373725276
176985885553
200194004051
77217378571
9656232348
203157171423
79333714286
1739366880
45048455430
174493301449
119354124222
142075027553
169768166023
177000620176
161606401525
184427897709
116758163410
7743238565
37224526908
84187864981
102546295522
78140715137
107606865712
143899903365
186785732763
166587744333
165683677116
101183431186
123310327295
174496566203
161362667015
22611062954
211983201182
30002096525
201293993251
113216937931
126872261559
34775351741
197920663578
118438843321
91243787778
176936472838
92440543158
67121440714
112855475416
64375255881
196466065435
204311931636
92490398570
131573901336
124023141528
28309093271
108034476406
135884081216
74055782209
137068843095
40210675809
131367264371
45968518279
157010853890
95361785118
163118719902
214956071675
161722966358
199880806223
76720158158
115271051855
115575618254
134827191497
29768973393
76402110712
85249964075
147885751373
154410236052
61322148824
186283244455
185703755815
22689837800
215136862253
64809198848
80451392696
146055678759
94474689259
91224185583
167550708638
146611574755
157843795050
214860181362
59138971639
173415271303
75162758134
197513315873
88076590624
161773131960
164504749498
101042704944
102984528519
86141275495
209225163945
125037581436
208552876099
15485341528
189495135564
104356843897
109664828754
53424134665
2289620080
153439347526
95610198727
40962859054
190111852376
95546060761
39944256253
107810070491
8772640319
30646943288
86727465400
168683431119
94776050191
75170161786
91147938138
179734635846
109207571247
119872654799
177809159483
160583823692
65345254625
176600429366
16614945139
143735520083
43520429636
207826139068
38153771944
89779641436
175228158678
175839321677
51722267536
209778880264
46804676294
102523462049
61030022327
130092991740
162989556917
39973276085
45049562077
53137628222
213770068313
196142967110
130689223594
99477862349
24474243356
45734167774
136087976218
112661561904
66060329177
89363763243
37721149515
206573199669
71953858833
172184592777
90096375440
131246071479
4362838881
30968213152
45488674110
165496893854
62207279252
160904146526
49443383311
127263729619
4133976552
137981981535
24810174015
202472282568
170692945865
40576979719
3224184015
100801705061
31346008049
196143337132
145643926587
7510325460
108667577539
157189398607
7240083935
55976729874
205019265427
214813421591
66044915925
57539694606
183200472323
119610761647
158649088387
172785527886
208507767340
190075865912
30504375278
108457283513
126990829056
25743355158
177582605100
113744567025
118940568963
168022882071
145360252264
34354763769
99849233964
83171004035
98298068861
30390101899
63376531301
31967959429
198784709763
73032323374
54866001275
20949846308
189230825098
99213486189
93680880518
38437544065
127994087380
57631555075
117465318895
54268144801
31506341518
161431371422
186703825205
195311738485
96390237691
60197419796
52396195698
155166090709
82622828187
151684786477
101834857377
98830591146
121696657967
961652944
194730024156
203725167211
13024684300
99774926990
133586374966
187432904758
95449183233
88159232067
5277863667
7638745002
130791222978
85581932656
160173095666
207452753912
180801952604
179207174359
119782884573
11589389316
97371169019
159165196386
49835913073
81796189698
40988123560
148953452120
132533698010
60720022961
96900676211
170624015995
54764960140
91882848216
122519590462
66541399257
70943129993
83036417396
37311325872
116767831998
104309791776
17760524723
182273415626
194919101175
201520248340
130402913749
91070875604
146940086540
187258124996
89277695494
16166343962
137603976849
196931976500
72383773877
140560689292
186054622986
214887863625
116844805977
58757163175
169591854347
55258764693
30680277312
143933527846
13242253387
104893901371
78892686516
206049729267
208794718337
129319669021
54791713308
45980845467
164726793769
23952052189
212998416138
114491919710
212104282397
117503693422
96132733168
112899821328
91608443389
212121624567
384956014
161016244645
133741613691
27132351543
195067860666
179219732036
164525662992
99560288899
105799812215
38172181619
27372562022
184799468577
123161819352
43785206553
46392586505
188460558436
118574591111
59874441625
176479536352
198107549159
65169225993
58907671729
98556025493
100013060684
167254904278
206845147981
187012577059
118323041150
33373527581
38051151797
96234074585
55014610726
48016559411
15714268713
78173996237
161688362224
159574183652
146661076419
131073256209
95247514521
155600269363
152727532350
209772939707
36020093911
115493211092
182180776683
188405751438
206351752066
193765885469
37895253588
2227341325
214962903659
134955676015
191815879515
152685286923
74917400768
3082045547
134072479714
185452966091
102083265101
101719422993
179080094732
1198000539
86821564088
104932100045
30349834964
203825186511
42847453359
204893735313
176127456524
188424368216
98065787232
125802073866
6443780058
18420665094
193571341234
189824340257
83421731803
112346553933
38858439047
55250899055
200098862282
111447720611
76873715794
38058231505
194948982967
170269104589
154008550594
187465324056
129562393711
104789375606
99940255168
52403445169
30564850028
201652523229
190961163194
24717981841
197413172655
109349215576
9880745238
95967763632
124510537819
74323297962
57391595969
170924494899
209532382656
135483215880
201973802377
147624183135
69747870274
182469203909
212013108081
155056011597
120280624612
50459899740
114381119484
41740112038
33075389555
176127451502
59070391943
195517692772
111392989886
98486110484
85462126450
165163144620
142638509336
175218158481
197690400394
189376880639
117613075423
145439887244
150380497313
166740451175
184708607371
14389547465
60740838529
162137309156
62684269162
194581138019
69411816678
62654270437
112914440473
33232522522
208484677515
57286629229
18425204716
65101949895
95458902805
53529668319
194730031036
97801191543
19577006874
181962701291
26619209434
205587694249
167834014729
65772523888
194786322091
67619026597
204695154840
197752550111
134028224109
126241943960
67101256503
29684206451
137807773327
55294055645
83915403622
21769042606
125159652392
182227091947
130672773330
133025327267
153699730167
62645710775
76845379058
175546854551
179001415617
61366504169
194176249570
22929695326
25921814710
7550173749
125099581494
52403443974
135909796125
34438018845
11775343075
174109204598
73778953961
148895055255
9556015940
149531224768
113628506756
105234183907
183275484169
209767136159
75455522012
105244113993
117892861251
166179127729
71451060242
113997247176
58514280526
126710074106
182229417178
18032926952
20824592075
133323667234
136797478161
56105354818
183379313820
198398872689
209665101489
145005362199
68883381556
177960258168
172132898248
202750402267
56592541093
167816043020
97414498242
146051845436
22258660141
125544707183
205807128914
113716626573
28882299968
53807595677
87617340997
50258992756
121024747960
122155645714
157263073169
81551235132
182851006881
163600624832
201580628154
70265854510
161575214046
8915992873
54293542101
25636076199
203876807176
81998109889
57349979116
163505538334
15127165969
40078858546
163050534939
18645585411
149469904858
194791626074
55486692452
76668953276
178762424703
207635677579
33824814985
65433616310
89113935732
625658337
168153017881
160007011672
148723693411
114517083077
141564089443
11235188056
51198415667
36280770549
151204529302
15844408218
70195072410
210052829865
51357076046
47195232230
61824127813
31550622735
100729244205
51239187227
147513027930
76255360953
203705722531
199193658125
73048016886
180062723639
195756408267
134117823836
98409271178
53645282539
55891824745
46041170155
96256756599
92111113082
210872937450
93026652036
132156030779
12891949375
79367250453
68792776469
104173214769
49062885502
112073319116
181882476585
211792628070
111821376334
31506347763
25033669164
154749168634
17631826771
331051946
99278568188
176218809079
59714967288
198081822848
200614709101
159088751982
16477808666
157419299221
57070307953
80365544300
114110803699
5183852187
116814717568
33355952289
159397854765
143858581877
194641074795
49220738703
187501296123
20149343334
124358383285
118905468385
10950731112
101742345373
38265603816
2550552689
149990718017
86336773501
3157138496
63697522479
62788976984
127169308906
132757740010
41074638723
208366952756
194967114515
184875987125
136892859925
185902985483
6085738459
12474735241
4794050319
91460213893
208396956116
49616988363
91700961962
212347855487
22857735970
14098524852
206322286596
197502947071
88398636793
48748060803
183789143371
202494766267
19339293934
156697935495
115756759831
57850218762
115640321672
134107489943
86820310605
212998417745
179651896410
148342130643
182557533495
133980401425
68970809868
134993381226
44412173455
122113580856
8923809177
189339631855
74093675460
209535222880
48818697077
139531994722
119987851715
17709121184
205602337999
178425518408
200402547977
85154622548
104239508346
116554677518
198189776171
76008794784
117350268149
71602658575
141194750473
4797845048
72504467822
105263644685
17869620734
168977341548
79987437008
95700548456
183739651803
162852214412
91327647604
197219127487
12789826813
133015835012
213390915244
146301293847
156543359475
145765437490
182299448793
159266426978
52532990028
9498768906
19811243298
143226147404
213102043183
3724379173
175858205299
3229331630
154427836941
200567104661
122500203987
123324203160
201680334083
112738025482
177504247362
133817934146
202268557191
12854747216
112781513455
44275584886
74750185196
28618746798
6925153524
24215056267
9527423581
99407461893
129550880975
83033036014
169939332494
98244725068
140925404607
119592832452
192998138980
163607260234
154197225981
123723147287
119951740764
103841727721
201143757750
69899709616
189849624447
180080470004
74915443164
135247876668
119838498822
78844284199
124798677083
89055276735
113907517382
127230782580
51176641723
208081384062
58025116117
194454939680
166763037903
69644557142
182692406113
150928830990
204818761584
155879529840
68301096410
18295664060
155034785738
19526747292
100286850078
12338708488
127550454886
97267401891
18053918354
68166447987
12487803621
66113458738
153315187290
84368783515
188568873313
116312909059
189907570838
155577587643
155808033096
70340618676
48988536188
114399655426
198237975284
189214800144
25852943271
155529987445
153524152749
106487819450
102771575038
125502806326
177842593941
26639512885
47556759112
37331429134
164818689442
197277275636
170501270377
66805321848
185588392896
114540785763
181296411729
79183048259
7666399263
19946089906
123989745290
49701288368
192092402962
27919154401
206603014529
63491220190
188798001067
88572486234
185870389456
122246941452
147946510636
213981892671
119287550123
162255940540
150104804622
181695968840
38493122386
64907602880
180539754036
198780902214
136992058925
163974608732
68082014438
52213350648
336621204
82202346925
53925414011
93246181524
213238024262
45296052675
126337608365
201731034554
183288703749
54685376546
58301356944
184700151411
52763564843
59944967736
211234131939
186338331789
69696619234
5287671920
192817997156
135357506957
213012709394
39081363909
192208177341
170638745056
12970199759
165600559015
211657565666
150788698021
141362543214
19632895750
158024156443
181904800450
51942966742
184909958000
51128216383
59406954309
170187575438
170521209569
196628213435
180913624648
53123642409
6671570785
95489039253
68366563710
210117080769
202583575566
214441135414
53382916143
209053914963
85940263094
87333361917
25585309870
58911826962
63079935469
163081845085
153628353402
54022441757
205010427246
213209410435
187347201506
158336863659
7478069963
190257548364
196395391171
82325280623
77959177852
104944316717
163510812006
110601785659
165793762936
99528700678
70643087497
8838575553
184819939817
194998025486
135318967775
144718160293
83675978283
94902772182
33249325064
21766065680
110798388620
11625804096
42937503300
134249456678
34563891304
201799438057
199637883641
57565801607
119550494252
28403132998
65358998619
200993628398
71377594351
43149867921
122361092470
12471311140
114607712431
62298538831
169022791832
30526459864
88752439883
79117946903
28563523744
106729835627
60222896534
123757022905
168624952474
59767217738
1284375029
85338244428
198514656910
107856406791
110334530047
212797443439
45101397250
34655571235
211029969047
27485453640
188822655181
177028563192
52434895563
156636524947
175954254474
103318681075
21607883701
132580558716
57927247277
12277649797
31535166839
54002140094
42688499078
26855200148
48692787732
134869263324
29079678536
104488084613
122380521035
48262285645
42723471608
49116292177
52225174688
127169100129
10334744529
161946066212
166575760129
96333852935
175809317649
76238645625
181275888316
152707267279
72436498228
172220633319
112423804215
125298810688
113169209062
111553292884
103178423882
1540597023
190441733892
214152775319
32127850519
169034645419
86871638368
190556283716
31704037006
50602635489
113402163802
197306430192
116877421428
119880862877
79298963840
63800522213
11570045138
98165107641
198482996733
207541486636
48082022107
206695895186
30121247309
190051678075
183642355627
127099545533
150427921226
32624536764
86268545421
87883209217
141762142248
86001107657
3456382646
203277804294
115788356994
65418834071
23982962293
71198924048
161789215553
175243859982
3341384661
116213087087
187047971295
47964249176
157309275846
56074914337
156069892800
95563208347
20267927666
58074033679
210897464779
10018188209
172063534141
25726459160
131097410823
132385246325
166629088306
213805788728
153515326111
33939382477
152012292688
56568032555
166480723487
97947667781
103164372174
33629360649
31918468957
179828935644
44234277312
55277535168
30123975452
106870066218
131211578726
23152094621
56169079052
118797364876
184142645201
66038618605
55898474142
47295268004
207791555533
211234128420
163310250194
184327606280
39842423463
4298190075
165467538419
144297129383
181232953283
106091173672
1059689434
206316550765
156868250670
88919316655
143467319102
207469753651
151237706946
80881641334
152100285241
136443046491
130789068485
132868861403
40938954748
30384157213
102083267356
68826714358
108655365557
97895474467
164204041728
181201789364
31672189366
215005505052
193966252082
181517919485
182928131943
125249743645
110489939244
206049714955
120566610892
33837741422
130412988565
152947192517
11352227646
215186181248
23747201633
20784505188
123807757415
210962228582
10586903173
24325933524
215032434686
144200398700
167811240788
106524794917
47513919660
29011151285
116167423793
13002381224
90501111160
179199690460
205271738273
143252196257
182140023628
68392562437
135013708390
146310803366
73782742499
80439681796
122790748938
87297012531
40477402902
197141585010
199267406007
18159978898
157667783942
36880793878
185224266794
135657138202
24258212330
32686156802
95878572815
202539077127
75324857227
116661044028
28005634794
31814670549
4866698702
34016477732
19787653060
79786956744
86116154329
18770646355
26326718473
44880256947
140532441275
116345156827
89028460434
54828267698
157784971955
42136713603
182565932558
214956067000
156217720675
69891150856
90207062472
20909758772
154697477242
204976234807
199465152496
72276709133
160890963115
163669380128
2427571844
37923107379
41573678406
45243269275
112664579174
6282565379
130708402623
169719416187
194813661735
60284007235
93309547800
100260971696
7231156749
186856962548
17778174208
98829262401
120152882009
124557007738
83175935943
65121080155
119603019238
12262474286
105082192479
48576732145
137027817934
29743980901
181926768270
195092559176
114087505624
173511437145
46460942418
92772294841
85158885349
25992352540
199474550637
87340576087
177066668181
2439943846
122283790835
44778373633
140428487903
22189807843
70121731133
98222072786
66590555048
23631679083
16937886525
133287194084
49819383113
10580974496
59584396028
203841828107
180637803559
140917424174
110106316361
168978234751
206744423916
13980097794
127779653187
100804162825
142009720025
145543236962
183456303316
160056841228
25575994455
89882805072
178528034710
115285997494
192565899799
47951335608
2903348859
159504027623
81361729369
88104904009
65439332804
71960842221
15217871703
41683511626
138840850456
63494668914
155621031207
24393981906
72682783593
189314402466
30931784017
134352813849
39442003709
201737484677
147883552780
18651454826
203438650126
198280035498
184394306378
25992350556
11373383752
120762957262
98137127698
165301387366
12623208576
133281367972
2107043897
99172145635
38249415103
109949852069
198916540095
74212651896
102824471562
35737299242
170435121001
51507136806
201542603573
106808154209
132826892867
121689081152
175348770149
65337455272
205763942633
77217382305
23609835015
61761141019
82371760614
156472001885
44034906235
40915015220
106709107736
60393187773
205156868137
177930211007
44385903580
214008369835
155989446870
177716600721
9975824234
17155987177
4616995003
168559063802
99828864230
23982959191
213318766927
61344704002
82582043058
26437067146
91989067846
88029813182
64865602936
19878304148
23648732050
59099019001
166598400493
175164229235
78447712676
117069521504
214595386860
61236919100
122146609446
12818113081
82922193994
161391389642
99944422563
162279361732
134088256796
17472416272
57682923332
54263291797
95686462112
118558897262
3878603346
19949818242
162833678111
138590558470
204526448866
194846196441
94608476166
116631368431
138621792038
205119133776
34871591746
84244321955
104299659966
129720052032
32099607819
137064966717
177335363126
151906218942
113054077997
213558220458
53123639829
94179432405
121391907649
201227206897
8481909417
54538740878
98792248102
17898709580
150536502909
186297257712
153505391612
37730472889
102167256572
2791133590
13635125607
117687428493
15104992679
90597888003
87537684720
113667061204
140570196680
21040636845
133585753678
209107733951
112405835008
139849801753
68326575502
187600879910
94864131198
3733074555
22098975899
172863324444
153453234230
5095808294
133787522754
137933995916
127436614421
83981641316
145493792484
149051368462
42515461652
164769708848
81481274518
142868671257
84644230996
55957701275
199837298591
61579881685
161048707551
209663431475
111990604972
79131859937
205869000153
149976267639
204962959538
196368344849
23030690955
157927953337
161824068713
191606367815
18663351320
175645390303
179912795544
210307593655
185715334986
176745867429
73354818622
32739606897
13668427538
132555002452
182668500187
169441593732
137608872321
201137138332
197835418396
104796195865
106466374184
151936325021
18649148229
113054082783
24083190267
8696588775
54458151101
179385658088
73928986767
88471019762
109427208296
899070307
211961923445
18712999144
160150679380
61695028657
47085157727
137519120591
188552111324
183367786705
89990985762
48049009166
45954751120
163523184590
12152908559
138586321675
25287392830
108117961617
8174049113
2339630223
175635967985
52755074141
205993543878
82842577769
128234983219
17269184636
10160946548
199315974202
123346399334
124490761876
160128205411
34439177337
31911362329
178384525064
196344248186
138333944199
61769828211
80224073258
168724362011
132041719046
70743413397
105666232930
195228535028
124548571991
1215555904
8585345188
16065407620
101788395869
11180677033
105561600703
147229898861
4992247871
49153438819
5703198925
4053751987
116458129804
43533361513
46652055392
59380268548
204201810883
130966478693
174893030219
102682705296
181850325966
34392990673
24253441085
112460795399
98387048148
171069785093
22472124692
173328396177
177971919462
200563046936
206218613128
104531708258
99125764340
65724943351
131410211926
153067474004
103912169050
98365911475
191838245993
63068118819
17917770921
215687023280
139319758621
63535082166
214057969632
125159656724
36087889130
162251777125
180805149565
173895430300
129542054213
208355086044
13565724419
91735027841
7642338351
64860100817
210589573894
195876289953
62010447342
145522582013
188573886512
13427503232
75139089386
155504296342
65957758798
191848912091
182633797383
127541877347
156262741
173971611700
30819381663
173685113032
60092213543
194484690230
177830821978
65424503903
124448890892
206647886804
145975024958
215520607947
26476420170
20095970398
76357249720
191505136250
142109936770
35158356708
47197536301
167771122467
79758645328
60114579260
77191244931
181551630799
157709129689
8473924488
199791587816
106686404817
208777891818
5582538551
45072482269
111005475106
151369669678
81579980086
121142360620
48151896331
169353426625
18635992645
28621477299
61689107010
140830246856
87303951863
7443670524
176853561330
152286967266
161135823717
198507780126
112182212696
198958311098
12408503738
187391244455
168153037150
12010225149
106750171595
23985953499
29166947986
47700827900
85116976008
145196850517
174518108125
168065131561
7205738977
35810784626
61893890853
89228488287
175654491278
75588773511
162307237835
75530177064
49329546817
60400982301
44651594393
35043640062
162352126080
208146067673
27457438666
103182781472
146501162333
27037923133
100508556933
71281430080
18883043705
92248144348
48345218722
29996838789
200550918551
85683950314
167557612982
68577961759
145984561412
95050128708
23721028555
191699002583
214601077175
44826557292
69535231353
55011306052
24821148319
204391451169
152204625947
137696190823
162489964586
83022939021
214157205195
79855259356
63535088803
181203687347
200172768246
22374904689
7634054191
192355853930
155721158804
27046517889
131392460215
24971270700
83365286408
73852511551
64977814721
96602542363
213182056663
31622511073
104206788298
84700945293
153739181546
15596739744
101762458409
155004522632
79533169117
13219246638
181667252760
28164448826
165330118773
109763699165
141446593589
14671215248
16665109097
52386432643
114186405945
202384054577
108676072100
200635268134
56020408601
164136968486
68150896780
33123023800
114875259560
49955096225
1434826051
8630171787
174044641682
59012520244
61492223048
24213061861
96253344707
9710999146
194462609466
158487995322
105394907689
108781824298
7284485833
15192151579
58747003920
68401786561
81732049621
160439213783
149975750990
53147831327
73600250763
79453605048
101078681871
92252769059
40861654168
203497566031
197136817800
118426184667
31585015747
38858447841
138399037732
75795431319
124163967651
1702540390
7855898324
60062051051
32970025665
181392515480
124815444682
149323037540
86429553802
128977832334
167646136146
103695998211
159186176859
167563332627
54328357531
96377288760
86293528716
16755176295
7392635415
69224224376
25699707428
53631549813
46141474808
30358809447
188970641997
37687962257
207544683933
182231986475
63623798490
203246417880
20441129457
201645163948
79767436568
105108774402
21399448145
208150150445
91657590332
201885192476
172986357832
203678496723
23122910517
178584935916
34171836947
145073117588
47692208835
126341419799
27502220459
120674559134
23522913908
136344501360
211043731656
60351939649
214726816920
209784790635
169768168247
159397852805
121670426778
185325543622
66520153344
19412499148
18323611834
152771050622
146077096554
10800723095
142524906521
163180382335
150278059493
63995084630
114644503453
201922185759
2372216289
93436848069
1146501577
120222618526
2639894914
106567548167
36406724727
31423652987
94055406627
124395785885
62843177540
73756098008
209363907898
86079312493
4569766315
19529235253
62068709995
175012131533
91932589812
177407775722
12453660255
8484640026
39095808908
166109524809
171349450652
83583158454
202647247149
94924833791
70305578449
4661181324
74649205498
213677551926
151755223087
142075455435
88793608507
93097227655
103477842091
37547735058
65418827022
153375125115
133179293313
51281572935
203591224278
5358074277
209053916310
32965646016
126494278505
49562560643
157434948439
18479194528
112229902577
128280736571
195259677537
22622591514
212729650771
154230705500
92146933642
112730182142
119021285061
166516799308
199420251981
121679173269
145486519819
132970017344
98786393884
94406094321
79167527825
53036682036
189780356333
210727473115
174666560222
84110252906
177860457762
92341571743
115819042825
54080469508
68599429835
197649716413
70345876363
202343221490
61478306189
24623206422
154486678009
148623210134
191103103772
182315263832
123610753987
18712993383
109126365276
28945362573
172843172631
154977320779
187523635824
137637294306
91900779704
41930335244
62633003106
75871298719
133383551003
5342260975
145089775749
3356683325
39529366394
92339299213
199487385142
48061911529
148116378619
68543695211
214394127174
92818569011
141568960958
48955700074
195320279831
183530153413
39827083417
181158194290
83094211945
102158919367
75892775183
8652401700
198939485859
24316772606
111415318169
79402858091
4376361692
21278729827
166679971979
96749164958
33205966038
162798605975
171105293712
157052023307
132521347951
106636524207
104778820428
81846811197
138324590851
4133973838
38487127387
24447070436
100295937747
150798356888
159858968005
99427008341
557609161
164307245444
151626557397
162211177857
149958164065
170029054191
203287143851
1509207794
138273143090
52923060038
29908862850
65904019342
178100502230
194942544300
167573563532
126382976222
211627381318
68641122877
109444598608
45198337447
17736589096
177274766066
130253114978
22558601239
60324243310
192903789120
154193600992
68217166587
156827535752
92155684231
81472773966
40186139282
13227468823
189684570946
211608206016
77555608690
43951403057
130605106719
170398460368
99630350880
37444946989
187076730605
141502867084
215789808729
152305294086
136450669755
53087459399
129117096494
4794048409
197577625297
26556430795
125003211349
171817326226
173306677049
122407314019
47914068172
142801504589
159810308446
56115227952
87568209677
53175567817
126904462046
170956036757
133718967479
8987668478
94121734471
134342329279
43384972487
175643440302
198952463717
129246086726
79430054760
188311498434
128982129429
118031743941
32084364280
71728725835
5041069635
173373626794
36202349714
39430960964
100024569838
161222948379
68371587307
75657836346
164617188320
161651113152
83771549282
53738298741
4196980284
164933888291
121045695779
100731129657
84596219911
109858017616
77792413631
96062955672
21006541933
131563800848
62249559276
23815149464
200921385678
209842935352
147155147824
196153482482
164399625065
1917549053
51316857234
3282681203
68277880489
62591601134
103526585572
183338939705
62912255512
96240997982
173528428715
57329367804
46670043887
1047028922
193698929893
200763417349
195638994060
1466906943
57936017281
187300261015
173750599412
184021367419
94558961672
26995304681
208814101234
131415766920
79696497776
32309999452
8734503616
83800491324
199341882284
127291227026
121411136307
42266895429
164983470788
8550034063
135743594092
573246621
66730785242
210904855578
161102214146
170825021122
91979619308
107353148978
61636154877
63123754069
169067434444
59682840405
197844858044
182039318770
213927502951
145270933136
198503245834
199846884304
17981039533
61572031817
7912272181
161767869112
147454584533
15695278929
201410576642
153411406884
137431964672
35575670285
14614053591
84741697114
44799512935
158975566357
164585856721
140596121585
9388234829
9764255460
192622195521
97963942299
112941774040
142773848959
105136970213
135357512015
80781360337
13288609903
119459021495
19378570020
156485376086
192265210761
4687114403
211824486006
6024401736
108278201130
138301714417
16011031330
109529457438
114315827258
116240709545
135761175498
141201417240
148085725495
126220559674
12723086160
213598500837
151287346720
2018549613
33214216119
93808773363
51695854109
100456914694
25929561243
17376595685
58544690573
147980462194
9460012818
25250141458
68742777696
21298732093
41213729677
619830722
117483891301
55913660399
182155027759
90156231455
66293475990
205463902712
90604207349
178734063296
209837737350
65729351242
213957515531
153821682198
115298844628
32026812554
51798263575
32460464839
131539121952
91488237762
7198444631
149319286036
88351731554
167837486052
1827398782
98702943208
7488412107
47258506823
138944703474
210453471324
153742641314
117620883690
102649494
206978076209
76300230191
130483815982
104206794286
215762005305
145808598463
200418793007
141919572448
57347318280
134976273677
177331430224
75081848791
98393066145
66164342859
43027184224
55025258690
152175051949
141322077565
134688704806
163104203790
68060494038
74128105753
102577864566
17824835459
158097383304
113419745386
44030836508
95243108172
14386710545
44126490275
29351446616
176576227732
105916156428
103074805791
106675045511
173277971872
151994182179
59796729918
117029949865
186316592305
171327536409
193970259002
123302443653
161793592783
103982373108
58834521504
182537701059
109867225677
141723243907
59079885571
8687699165
129037848208
15066591227
102161164611
7440370386
96369791170
132839804252
80536136756
17636356445
212137612553
120488817285
130353677186
186937415733
71565148960
92431852648
36350559116
169512684961
209310171916
162613889010
149794458566
134591244898
66814594700
116613439234
168712821124
39891257063
50304555019
143733295281
191151037450
174843014036
190336808159
26691674379
156573365754
59138976204
171977019456
178802299619
139531997225
104067828233
189214791900
160836618503
28074957285
34029396509
167139268869
207895959328
132608078525
165178968702
78016759949
166634348234
2357552039
191422908454
76421361017
41415803940
111957452704
159119872556
199823731781
167852226668
2580589326
155636643980
186324103180
174733146982
167187219934
107361981222
92604380830
182589026589
45898949770
188845875027
159496524341
53503096842
52755084892
11104124688
203912363903
175874483992
107717586955
142115837422
78563132393
177826037441
124136243153
55496095482
48821743172
76953148154
70455611769
100977265661
201429565895
9150057608
42182603608
4791143402
173574792848
183444485934
24021357997
37990789100
187995681353
91341733774
79729443122
19824299953
199457270369
61800142665
50939956676
188760347951
171005048095
100018689033
125695316967
88537616063
458770489
113640588269
196713822669
108009889185
52882930585
159940779258
72641925629
130230712840
191036653014
191966062895
140611412599
159772018853
195832017756
119109389769
35623362212
25988143760
126804026494
2340914359
139494733587
77747865249
53267156185
150173980603
83976082079
3439335589
80246838093
48361009266
153695524915
150498582975
61779040025
45792679289
133903192287
111891764283
85625590151
157088411078
150395021024
116911950448
93402721210
9756811678
83278760314
146756362398
193303749273
215043332011
64666532930
101984579062
177465224491
81448653056
184790325206
84461707572
141822901276
71917707366
142360104473
139434319585
199103567659
3770132409
76092870601
122234167134
2605675394
195157608142
189527347201
75533107382
191519610302
93462155573
166338089794
34373470069
98738490470
196281706213
23530192254
89071847
30439817658
149266441103
156596797559
69016435755
124149317013
203430209919
22992504717
186967769914
188727821797
103829082875
37878012805
215368044459
51758703608
498857260
154037748901
78440627487
157122128681
215286977720
28386078634
140685671537
160119502591
196092364601
49173907660
150898930798
197496724285
185001236250
27082253499
48744246030
68317914641
148613092372
12731006389
189430350335
80944163495
177472165920
56313784732
172212605920
15122905726
83453808162
156006803097
87829092411
103639935418
163742357193
123835723623
33093371873
86439075788
160152731471
64598577841
168247503715
194955306498
134524282386
19775228259
202548763089
210019863801
14915081135
133488419553
103246743196
71487832999
149165658448
72006325960
183565426726
93697748853
69066579861
57571287996
367528809
63586848240
125110730627
154964628926
102966430113
82342252341
198725925460
190059768408
198651370676
149131909103
116117364630
24161767092
72398344659
193709978980
156940216298
175507931798
65110476863
119130611921
69041771870
182561647299
3297393525
145906270473
133153083604
5248500864
139878335625
154419918931
38043082851
191924898547
10697410849
10309142413
38915088282
129188966975
34228271968
203408572985
60994273467
36960582370
120252419258
32731198920
119090451991
84436056210
200293591556
186030168656
161339125723
159215564093
53918802306
105578369980
42041466304
59996912041
202701534758
63909544232
28886101956
170856156795
82468270051
117319140864
169363733365
172800814957
175582155910
10558592056
200041597060
38951939931
118553312916
97593532946
160013049158
129326394948
210418761449
75832981219
142304718506
74877645616
94525672828
74765152706
93033183295
138485951805
5183855754
209327032586
26351166315
180370423186
121580798707
166716281486
213682563259
110590620474
202444679847
36568233324
160606493670
148646329437
94237532859
74689134645
49242938542
50301661544
25308194199
44817860417
139211781291
97089164493
188191713813
89744663232
108575420492
95261971742
28551013585
210803063025
205573794279
138832444974
29663138862
17256194732
91424680935
2592608242
31984233900
144783690647
68108607493
109666299431
73048027894
139449068999
4385077856
63684197950
11153805756
186820019182
17784168117
154791574644
58022836267
194266159241
7094483754
206540819024
84003110360
130946647792
7963096655
3117357731
72639782666
90831301194
54383775925
149056062639
20032814007
119411852591
12139868730
184132392610
67177387813
201420077409
192976050226
93222062087
188304349812
132807584440
57821918308
148259030523
190370566143
102886296202
183798180508
44911295512
41771551104
161838639253
122621343899
112006029532
61289714826
43363431092
120797825156
44681305171
82945417248
56112366771
210184753105
85240197168
201913346423
167150045743
77081238745
127034075721
170628758416
170949253183
63938386636
194411857165
104579394309
150724747088
126350628574
214084842979
3290092129
203151514356
175232801775
85524511782
130319063665
36777271363
164307236921
67700711149
133596837662
148263098842
193108569637
132240619691
90501112333
130783591727
199405536874
203500330633
57364757114
53137627418
159583529161
210220207664
169158400350
78691844546
56832824935
133204836056
200997251698
66541393205
96285333311
105326665868
52766960106
160628027760
35939158940
147558565171
124969136161
112706909660
13910909643
139810458845
21487014763
76586709432
150873071953
197902440197
176754389375
153228307909
175801830493
180088351092
184644006353
7513666365
169508857871
208661796096
6564172045
30180035462
211144976948
136653938469
103303255749
97221444245
159544518480
131493610758
35382366684
40280831939
197740126055
94790543403
52721948919
130970601668
117521971149
80635922307
192811404796
168144271770
162828499223
77718160235
68142970812
162447476331
32455169417
109304791125
41666274162
194400601905
52172942394
131779608975
132635198887
24643178984
186342323793
185169803567
215833527847
10109316128
194756799724
163100425798
139839875667
107921410766
182476718149
94599620218
125975014499
44069527112
114286294060
154643966341
167887435318
197055419603
1627596780
131896443090
9983419923
205415947432
83786474753
152916219334
111829979927
134589556406
139240800698
37589633380
146021088735
205420268546
214087313926
193117131599
40842565752
196196140496
135647219178
3607772339
139535996149
149551373757
142332247135
135153681403
211109050924
213667093345
214766064175
200949279068
212302741488
88837901590
129591951552
186723431483
197306415713
187914445267
93046617785
190869197185
130594917883
168801469795
