65580142494
9018777799
104138619264
8514920687
28569171093
119060930363
14949384067
24437134290
66929420942
45248681291
77004392874
72341088814
204495560301
164664660864
196124749425
39448216220
138875766870
212529436858
89916184816
19694659956
7029754601
145099172937
19207462954
122258043903
15679154577
39265398306
206373083746
157769149119
120862825546
91619682963
127476989615
16490209607
101756190640
150555141978
126921616270
79752582128
77544205847
177722172748
108482272552
60455263510
42297307441
118413911234
113656410132
1471786188
15606662428
101388806032
143438005759
120133853845
21610640927
51373280897
210193126388
3457127338
101793551246
3921012696
108774067435
116523138313
79702930729
140103406829
79705361329
191864761224
97741992477
98283547946
39877680030
110736735996
107795274406
102947498493
100917174491
71758674169
38895405420
130528917859
3021236108
206932365714
207721517550
138502639897
55190811947
201732816750
7524662908
58869740101
36457970053
52380567223
181033572593
183281989962
95664595270
161512027950
60744635491
163122766313
132406323014
82247144706
164404949756
62159778273
24974888212
89797314431
1151765338
97023716939
178364074038
131382568071
189575813497
164942864031
187243884863
72126425316
13372130552
15167869079
214159146154
191744808097
192765211262
215057941547
67414003410
76991342871
198464120612
139468546786
213547114721
182084574121
199997116527
23389409839
165706258057
167138453350
204535929029
87592004843
18279112241
110711608235
65546862570
46720189535
110487421821
61700014735
154796687790
30762030063
113261475017
62520182062
169703250
74010861265
160992855777
26706324083
117839700756
75828604180
21428260548
89820135932
75253235129
68756463032
1027891983
191414777118
214105856479
1789826901
70148093281
130151339125
146994767275
118949674199
156659226785
112424364576
79064415078
27375296658
187175226577
94435017574
169268855867
214128521241
66245664922
136003455385
27143641259
48051287485
182692760749
209669273823
153970889348
22439641252
16446377137
88845317308
191705073904
100236429381
73365852969
23983976663
214406202463
72369726047
60606027406
171917205437
3128246032
21056012950
64197724409
177027592534
167975828914
211038614675
165366178669
189178478639
184506151282
51825651490
181005849620
203811234397
161200138640
9101241273
85189424127
52214131403
62339880318
99498733432
183797028793
54666519737
47470935303
39789335779
86428755861
122175376598
13859956234
145657244643
99455347653
92315070097
125861315243
24023431502
151116238529
110433775657
113288524634
118334211651
5122224456
97921075204
87213057986
125449619504
196784814802
110480242124
147120315121
152401760119
151046357586
155656917550
115132115130
163506033394
172969611611
200031724595
147054050908
138507204635
43457913567
194523715445
15455337520
46784624976
162828552348
106167181882
112385361924
127988493874
151328037660
7476424887
210765154983
214504806445
5595356174
70756867071
163730423643
205377831618
63116556679
15345984529
5445052951
24280264109
98882582846
3607846517
80284053935
85430508964
49522282099
10272173807
209925213532
205678911190
19461070054
119971423363
145543406694
30644074669
202581464339
181206135089
6760466965
78927997733
210924355412
140217771660
116952072686
129030934417
110278131182
172582387956
61538069789
157560196632
174342476232
114914486619
66528942179
136645238565
63131969123
93697562634
133203542378
48971689669
107243372144
26198977022
156756706993
11343455023
202903954396
127044663303
173634767847
77321340705
15110545640
86677729680
204486588314
144424436079
115212255405
160133704436
55534165474
36524576876
200077335189
92558195916
121361676259
123674651704
180545005821
8672719466
190872025485
118133095254
127173720234
172521533419
21631359420
109920009260
53250898143
103470114710
209429826389
175714501038
132462978495
157904059651
148726845977
101022378866
48174826606
129441870085
140841938188
20265469857
202511173814
90737885748
8916212456
142684383789
143488813653
9504761995
110888911474
10093167247
59954847975
74034279365
58523403689
44392445249
106562217136
87155174770
157293679575
195792006742
45357644010
182298804477
54765489704
114831137848
179570060012
176543690751
7177626161
94225279196
141580810689
89192989735
215695205494
39811028003
120656842770
74846438645
94895316209
164137908863
108727917287
112312885200
207661755930
66879433034
212781748319
98414227692
187202468220
187134172769
150692397402
164265893311
66844865268
26961144296
63274683205
95568880595
128704783931
141999208220
55367971086
65601347773
212233974761
183906994
91794314015
175113950895
77347465261
102054942730
138213143871
123164272093
100166494601
39277539463
45084451241
190252205055
47789963170
39475587102
213261481012
89499640722
114501523124
31633209267
88551078632
170854915894
82464507847
190439150150
66561632287
101512257899
40161551083
197453961633
171186669384
157820344110
101963468682
87374561979
205984091463
136467938346
90564558032
89521872729
189790175395
35059555520
16017650348
182186702522
109310245618
81607699053
93874577569
77728666279
60992533393
92803210084
46122765997
153360980619
22107658515
61508329240
103788100403
214417273655
94356439795
168481919881
13144567710
68961872750
116534869121
118350266280
17556245647
215799325638
84015972610
63817078195
154920156877
191425339099
65230369284
50725276269
25146126235
162030116648
210044726557
129496910295
62305353974
198717327728
98860268423
102284415837
187345193049
16598682873
121478706433
23719477042
176225908695
193740216473
178268133569
98349318070
101868503361
172135614883
5757723663
75681149145
162474354394
65550739695
178313484624
37852242673
200562326693
108364511867
92020717189
155039790910
102428502456
45186142240
173455635086
169646078074
149265956403
9463472977
37384412513
139751524465
82402281474
157092366753
14147949642
36607472594
106138875055
102177887984
206954896986
54690263853
117767097297
190437919083
192402648969
155286953275
89450551925
8657791530
147937400132
73397953924
20892126803
108304607509
73351738418
65807359526
112613920671
20785318495
10623949554
169400716311
178788760390
167445294540
151605438840
98308326260
215645301272
76007994082
151544517219
160251973273
71504801488
50409802127
159647325085
5587139140
30768388995
149359956426
153478513349
2939531638
182301878566
184257255721
148493288425
10313297833
90539910613
192706574893
68682877612
37547358978
125071557400
204853674929
9850074818
122024910610
14143156832
41444118602
122663942073
9250374688
93055898767
180274049166
92262279776
23331449429
183528027890
109890691084
73104949878
166499618333
122236771115
161763904673
89427124670
73631796074
213303696515
137670242373
152850875381
62596137683
159968399497
3504031651
178666830556
112874345923
122116628452
170858663267
158195785407
40588177414
82342758354
62807557125
32296464725
7104639634
131428738013
38459981458
177290289398
96291651127
23634037407
116320596455
71024246867
180911890221
76414530841
96806625220
84315291410
88291755404
212955869163
54454435726
24933901769
184252982568
98021822787
166267810319
168848816133
197216331401
130464031668
205385795685
13840692026
1621799257
70364756867
191137956846
143218438059
177914527298
37940934445
52453634167
132757312712
142543917151
29158977144
211540838589
147742758456
172494865404
170138256290
84489063008
25125582424
78133918954
66273756096
145429844269
87445278137
81015447412
127242304467
48312574986
17676745522
91035117903
27681189145
174719902245
88696780023
106937798491
53973069883
126295118469
120489682807
114187996497
120021829255
26426651206
134174773808
61889162664
60155910201
66551713443
132575425405
206902655382
197437978362
115533918381
52452399632
29933916305
81178023512
2262630792
63437843709
147712571650
54716570025
86939996049
68528474940
178759401626
91901371941
15402149595
66857080677
46274611229
40079124144
55598126824
160427907174
108516404730
89804983250
144238198003
90197688156
166626210954
99006316649
11181611340
136846681445
48253058484
191091228342
188326334637
171668965172
145539422466
157083126963
36971412560
137600278176
57659432007
22981927369
105251756872
48006183962
75391974213
187020279708
122238145010
89113709365
142555111234
196510100451
118569368585
78441017134
92043237297
188490136280
60058574015
98172152663
85666622679
185446867590
111349468062
65700027471
31179532422
13817262998
190645976508
19710179870
74932521190
128268888246
195972027450
72223057523
113182834301
177939029884
29870234890
210602353424
1813960557
112071288540
12399771259
127021736950
190399222851
178233362333
172825965976
206907332673
33375154810
44770957933
83794391131
197095841070
41603693123
22716378053
90149669963
64691459016
188653493116
191549230786
153500892152
27942831291
175824307010
213803867623
20420891501
26184250192
146330770189
54613823058
173507648018
34426493958
58178078118
5020283877
57713487398
48613572683
179878977000
179214923764
194022802811
199425869415
189601308381
43850055163
70088578850
168753294950
169483436953
41933786154
92924832070
160033766509
109610889187
155462229928
37390059235
197661403265
63126120435
38287384339
65461710455
170292274906
165787784317
4972326404
125153653754
79765014467
167145459792
129852408232
83903654843
107923901260
22190662581
10020574743
76452032602
168824548326
98143427728
121470108936
118480711556
126961261116
189524182173
175521682054
32413463255
172318502075
198632878646
121284437673
210095390321
26070877103
168539389120
167731631309
102472710102
205645245473
5215091889
112579351879
124366176492
146173171530
146477129920
29617668843
185775692452
71320194708
41145480736
17574840395
69063524326
111653484773
93016427265
202208807793
93456382312
73002464546
81392690025
141025076147
146108104967
214065852929
17667218556
210589094704
198365009488
8493078187
186190470576
179842882942
146155682212
69507505247
115302459249
9599008426
40330509778
186211615326
198381299116
159676148394
130370139157
74155128486
143409403650
56841881640
96126736328
122821569369
75647319681
57127572741
115245635348
5849853594
12588839863
125114885497
89410599354
200336880512
189703296308
122749586062
210189823352
189104656034
183560007974
13313358112
10127892049
15265839129
163105881393
22026063731
125134137221
132348060154
88750009821
88629087128
13142022409
124714985035
101042862080
110099768190
147306992040
200149860661
202064338809
182669497787
60275453468
21066385549
215612761115
56897205590
122985354569
95431523492
2010354221
18712948383
47875953056
86988203804
144608451032
169813798738
50690949434
60049303331
185098006909
31648207494
165846864493
147886796711
158511731374
2005250998
78509902664
64956488097
145359229357
155795098494
123378529279
117799667331
127236360293
78180690495
181527747603
168096150827
16556969583
14374856284
98582974050
4950978151
118756742370
138802286600
182469207997
85444053076
120528932389
6284538838
87374321430
47411072372
14857826940
7754345093
160352908799
7660409421
16401372908
86767948507
77174464751
215281606721
47921642610
203782762383
46499702709
99244404619
134646926443
192024809916
206497537727
122370392364
80154282438
121941173611
87815461538
83844112023
115535478894
193164782650
110052950433
88937658148
120688269559
31497023900
174231643379
199785092390
182755563528
25972701850
121087147186
169588010087
176943627613
200825538101
194754219756
166924800893
29982398083
5637865593
185612416357
55154874881
102455271363
176689231226
110114090931
48395488860
205548926705
192847841538
152384866229
38212082272
189467615746
17176014701
26068354350
126586448153
62574939731
158046911779
65344886058
75748840838
209569490813
103271626600
50565233653
128505760071
151572812986
50892215552
11036695621
134538254628
119702159310
118067310212
89913544167
46616770980
56544681987
129471425608
196354676923
38824635687
6395771418
53283520326
138822435601
91978984684
179145313201
173140836347
54822132951
212563917369
145497976616
171702635599
20835187572
149934414747
122710778355
127583445722
176415706695
94525653521
169593654824
11093227215
159647094598
85999886259
128720510552
82725168711
54551635310
83215719846
131129122602
125759477054
22162359245
191870183491
20608583176
120383340980
63044636119
2462301432
59263910953
110209418275
208831154193
105298128864
150785203813
178359435008
70554439678
210795902490
69316106650
60118820646
175296158863
46135776748
78177723482
32226436029
11794443253
205384728519
193104603349
97820548981
66316565178
104593498107
76870766362
37299827210
124207862916
35785750605
119608776834
481532991
41498649587
33197230536
47760490854
131526852539
79613528986
61397687465
200939826462
117970271978
58492725556
184623942325
53556324566
74876343483
164457179744
32154884949
142272962508
189797958042
115621140587
188357117379
112497521848
145774861929
131516642970
194463352771
206421073579
91801717420
61055119545
169736492671
24232175366
93604075224
206025856265
120268345377
13327889330
158422386838
65228949069
168135808515
7408451828
139912763792
161670913932
113336274964
167892631517
119862954344
22301677278
46855168179
70829833509
49117607518
38019906462
146907764739
51305542785
201675453889
195954556261
43690263534
51384112848
118793050219
127021714222
176995201627
65396030031
179665129928
200877736371
52797485296
106454563207
171429467102
27087771856
192199130754
199242276146
201218915266
110025014785
136412728824
160773764444
168204614621
87959001753
176051195247
35312942556
54369539559
201674470834
138873128433
60526886355
137604081409
206096054945
143740813509
139452315796
46257777257
184196368614
86845853716
163080025391
24314723112
99652476678
102751167254
3716214164
90718787954
135869056686
190197290269
57755757919
41565912891
143528452446
5736838965
192384596522
36310696083
189093137572
139322538445
8682265281
50287000573
149957564504
31344358245
3117200012
180132327726
74194719608
84546819388
179689890402
130738757399
72635577519
212393928082
10719349136
43408101767
166845609701
125578779245
186175138870
138018290308
44658313835
46998224824
72090388344
47781378123
88833819487
156092701537
150102011787
176135527937
177364784792
72361045352
87594982499
135499442960
121164298938
188703291863
184652422155
156807018696
184425545017
67841901682
78502585534
149144165694
93696862746
129339496739
10606894150
112594804718
109932959766
214733004513
187741806416
72530552820
141432832119
137705577498
44747170721
66592127883
129622423815
172823795238
82487202931
192256006448
80596369787
19671088785
66498736133
207448799372
162890620872
187890454549
107343775445
3632632363
77369389401
18862830006
22738113126
3866934048
153134785559
69039862533
2931106931
39210785070
116932610098
56147802104
50627738708
13478337701
164493280541
187550417067
31310144353
153708739831
99924072308
83679625703
53789216939
116860950277
135122931647
46881354855
127467002481
213204655905
1011622204
105296184939
75834276464
182052888009
135371535052
204743311823
52908625074
140551968287
100684607704
89394842758
141256687270
172656315872
88334985773
168449767002
98120896040
16837855445
205299782622
78732039851
62404664146
170808930358
165169209926
174232383364
85243603482
45736244029
108877001440
11477995456
25532872392
23859204135
22834589864
6997215149
138356481915
124505334849
86157526786
152832696041
127427167313
176487299660
77992368489
106918216461
3987736520
45461075524
195335512520
205488466367
151861175261
19439164828
13823548384
102324787324
108585078595
71877291026
149502467085
41842434951
128833310115
97617350241
64134824472
16632110026
2868066523
207626926498
26554679307
78994309085
209529000076
83844491748
4130344070
65862598153
142927071095
86042627402
213757835135
27799672463
140668630936
9408968380
105373041226
164489403862
5978229599
59212563384
205741638062
64972574016
146271329565
82525211453
75729418019
43219475630
179698885656
129820474797
3811376837
10046283954
58966743539
44207169476
23246967794
132578228614
92649857439
98318153816
143597746554
124818987288
140543225916
31758344226
13163257888
192231462162
192437732528
108173361323
112302499252
130991388399
160195838204
97426720788
45369572598
131691647114
63430053499
31488422718
3138394789
46521986608
207002447056
92649146797
58638381590
119181911077
94255979939
211022242836
120490384623
12428409856
154386249971
84200840259
199726253220
111789309543
184360263105
56955222055
7039641002
45024744636
175702896494
1179007308
66918912169
158008026212
97375771441
101250047807
107349012290
160438636534
143790228535
69003965187
6471519963
19006765336
133168657870
110203002058
172935431449
2729177265
11202965248
126026760420
172292025130
69545769985
141952129810
142250432186
158256786001
9521074228
9098872576
7700819331
62243421047
6764630598
144020695894
189100398039
110317786653
145113470894
136968765283
30732866599
51952733250
197221169765
71055371564
49180302683
172459135967
189261580552
191410121173
179953491045
171747573609
202941013896
7229943354
31044058008
158355042978
195204991786
210633718698
121764662501
12888511021
50057628251
185047030022
193268877964
88209023227
175320201274
110782636513
151403646305
127291131428
120983936019
2475113854
14521708923
188967729888
82930463443
132074466450
29929411781
105692580868
14328197975
106334513755
71630279859
131344871902
162804721015
58193201838
128253222524
83443480896
157290352492
118669192961
49379474962
57163206446
211016598462
189434127702
13086345459
2942461184
176349388397
16101379928
85600902706
94546444234
94273650490
5367341435
127351600945
192863475547
189516710087
17081814654
206612117935
171327901806
132679597024
126292410656
208422241475
53628425693
54551360066
63212181657
23162162344
157249086180
24289340556
143160906824
162247125789
6431787222
120989488025
114557521020
61667678755
133740120405
99458932467
173062358646
202465642003
131709466230
150070005919
28162489059
124868511542
126125588998
48608282181
105649020062
147562273094
90983763430
20306839393
89397895844
179043923177
205554552122
15183005243
90174364892
136109983908
1609545845
52163848332
97563567945
50915405130
64066505299
83939673004
60583207499
110450624619
119042650244
23831830883
120967806559
54949697696
202769019183
168933645033
122959204957
188990646375
88817448477
102362816468
45557064155
197727243404
153388845105
149719943287
97164478799
118297131166
13300783433
63958043113
118699252140
213509328143
123451456368
74799962673
203568803154
78476268341
94576074191
103833967663
38807226333
51975988621
175899910094
42861917239
45646958888
179634363143
124224610902
6772496563
9975807783
7655653342
140757757666
114630649025
77170926053
15151743259
74971865172
210882485764
117795830817
212645483721
93359154824
179265392856
62348457567
49848672040
18385638459
71062738618
22720753299
32336633823
105652505217
87371757789
94200728845
173643059468
140183355252
49482755138
858713891
153656729272
33024532323
58336790092
453700846
48675854556
77641758009
100776913375
21731642135
199150668453
23976726170
184337184877
111474566825
125100732903
97807717766
69301980437
2076065695
67067857478
149655810567
251245285
33782354324
85421914333
188909443808
55562596066
150518525572
91757992104
47429117864
135682156056
206726393835
177525381131
32512567302
215670387137
180460635491
2587430194
92669443265
182316621837
167491918267
6205687525
205513985056
108840764415
78265732014
168984077288
147309760439
38019334058
82831079953
50064205562
22547628066
100387852170
2023259983
58127693295
30000344748
14797826975
153248271469
156447033207
77849430118
72246740503
211289847408
6446145141
63709598766
185206521050
119118061761
132257051954
203486231133
159385486738
17579214067
61841501170
51628324740
111119316599
122454686719
69990248041
43592501487
19661402458
166816751098
172990069187
93414273019
207640734226
81762426622
83636070610
38918238305
11002908075
215358314490
161317809293
130709238065
157179232439
156296725788
43913038020
27586364840
121984192827
38317227518
148148215015
110083180674
52766563973
190519284679
176563549829
7324141264
77233027592
134686834446
81121213761
199592067860
197044198762
166354041754
169435935986
176075694981
82314431323
84592340892
99575118626
108906084078
83024944908
10447705484
188901804293
185067066182
52149245352
96768167246
71177797209
203184436881
158396211680
139727869231
91296121828
120466675240
85010937389
39556420517
98149556778
106813661124
88904820191
58906638082
14527831511
51894218246
72523159556
155161984185
18109895429
15241689096
211914924010
180767302002
98526554433
14047420996
199473956337
161232618634
183539146628
119418228440
2559012046
65008056141
155367207638
17236664952
41980135322
134547453983
11979514981
15384687628
65437177536
20145450186
81617832795
1701369633
82813430691
153935656717
190052333806
161655948175
186700530189
65102130788
124643142321
213100499503
32828878560
83185472247
176592799811
95964716840
122551235653
13733577921
148663157111
86855215400
198970221331
23774686555
139972083005
1644560268
10982642193
70333424082
61095365288
29401329870
130633957041
87357190329
126782542006
27757114210
203326915963
100714554012
208833976296
23830454248
18909689603
124117864191
109856626893
37491232389
45273388594
125934483389
57545078980
18079112600
196506308149
37751246529
30562924317
193743029172
52385971297
102418032842
106415948585
32664546501
35292745043
40220890962
5509439432
188951730599
141965628038
151548860345
7715794271
141351890799
122393973881
79389154482
196706609422
107752763044
128529906454
135450001779
39510619892
93478852962
29715783027
147087053557
73871875282
8734840567
208084992949
164456163469
156500438219
436965766
72697642112
36653975848
91313225268
107431967130
134384453009
111361452316
144585571025
97441368533
202935208477
211428995340
97800240137
139035831656
10058936307
176987172637
30364441275
144391857144
79782055476
12176217251
63017116292
177387944460
34779772764
78556933222
177341825520
168221226978
13033299110
34572681643
92424026451
120985973409
17539709514
166455469644
108936697761
76453492328
43810278377
136910825750
205713634101
199759128816
209419387524
40966846313
208655743572
149368328755
62341121725
66634157251
197353659803
112129773253
12037422963
18410811600
89762582236
60687574591
107861005176
118740227711
9559296736
149241788184
114241593297
54463669334
207396625302
193662990617
140781560739
202520134039
11888855534
45758136762
25735955526
46477737609
172151061041
102489709529
124939372668
29412371361
97995941798
78855164774
57943407425
22392490821
177115789750
68671275595
132270219849
11788768870
182609276775
53744384431
46109133437
88681304317
97109744103
123868771390
183796690735
171220459354
127316621198
21595726453
187594701406
65700767178
28866167569
178119442369
189753160002
127797724436
21258958597
162211238128
127398657166
154859693047
135284771158
213392826771
14224389117
142761227041
1125633592
28630494052
44862037034
168038028363
21087148393
141340505491
172213743695
186124833238
209394547131
51032517924
126393152684
161880478117
55643651155
63632390030
59306112970
167756941617
129039178909
18463002981
174535319128
202445610198
77509821698
36802888150
134516890728
174100166756
160522044295
105215829267
198282197555
104068334926
36971415951
103606400286
171827344760
170106559831
181381669647
9425873086
150596467383
37364237399
83194114081
173377441040
33944592106
117332687181
102727998652
107337566157
94849792589
83174182414
133759851912
113829746753
9695447131
112183449394
58453436691
186373996880
195482000614
1717985994
110261123509
108909756358
47436575073
212952436414
66384924801
24844846007
40011178869
85350992992
128654337746
95173354480
73618623884
86884396600
635016977
105795747042
206172202437
81185717017
19335537371
183074107631
135767403944
130202745558
183551730505
3062225205
39288821892
162038285819
205447370196
69495283102
10843412852
162944315046
13249217615
204999946064
89560337141
45653039542
74003054493
131657235451
128894672602
191527138864
75332148073
96831391739
107081261387
153795491362
9712948228
51478241438
153763407603
70479959520
143082113614
113637602689
15438419290
64010782612
61911767265
172034273931
147975415984
107908874214
8774546682
158539294124
43858678606
24556586077
64870668040
182030559876
98787860944
56781030184
194984343268
36831835292
12038379310
22925173168
101912457760
173553063606
4489928162
174301158037
5109791686
119668108514
173492368886
43246190936
28019598899
56887714439
21393428992
97291437044
136922127340
171137833954
110232677319
62654876238
27897666841
2563537601
187916781539
29840709784
31045577197
169239226259
147019488227
28972225634
158738570926
114142128482
28359629382
155098203411
79122888295
133835419681
75129329893
91732265809
31695238470
10553854189
80646386414
194550756215
155759420209
108710867783
169940272430
100011585015
155238094631
151398586813
214874639460
4468631811
213762163403
58001864143
95393896532
43998242454
21833982376
136980204471
203953095218
17856032306
10667722844
39175273788
148317073521
130580539719
85390328542
179061737700
198541548107
89622136103
210694065571
69943370930
2034784758
87815059605
212362015768
211423889772
82272546215
62488064191
170513571411
192602310607
191562046721
162147456838
112602700094
100171345885
9558807407
143473325945
196359499814
200758911708
154683000620
15121157180
171560148488
32375791837
43668707319
88835489306
95535600601
151770306601
141877894143
117657014662
162803255247
51269635542
38224307623
168102813948
212723840664
210857691450
149115220543
198197670155
19027843758
150788776740
81567966508
93091708382
39606591343
101769092613
171129883853
154961540974
36465143007
202479610624
203391639833
142679271971
157051808701
34515122959
110453094144
37914415581
103306557482
31746199412
131776893704
214773529208
40584348760
210777189755
40671765121
162455281802
8095279964
76835641808
114208402883
99860973731
72392453535
209816611043
127715525403
123119232187
62178794037
132846027932
166947115316
172553798291
135148672402
17102083029
158841093193
103703154663
79508279980
93532267284
67641451783
201069768860
82128882033
164733777335
116695493682
143307223733
155856991934
79745396774
183644817666
75972848591
69799466445
194152717325
148102798709
76762544000
40139775142
10412245424
168912282294
88579336788
138351247811
118433308163
102945681223
53544038728
31042246885
58897883442
17090825020
31413102599
5010020496
168074054436
11604249450
148692835138
90686043278
137032846506
81121310604
41262871985
12413859485
177960663974
211712826390
92102746995
26656375121
73677582407
127637566210
99741692999
130034836333
195529651955
39431196790
180452486428
57357564360
100807329678
121854815505
176274574049
130920637210
62269778553
164931298973
123853221504
195526540041
152086162056
143043897093
32255850062
177925896128
63280490610
8898353183
184352399370
176603575902
173112349855
123922174362
13321401123
100224464763
47449406774
74894221141
40705367263
102998268035
61617069034
38382245913
147389841048
132890076242
39598808788
19660911618
162420392752
125635813545
151890574013
47191331411
38444786391
174132665770
145699380250
63193402348
196731151920
144765739408
85161803113
108925615016
8813409259
96235619116
140734594759
11359894521
125617606536
147366605666
107320304923
125522195551
55645491657
168592970684
27481398804
143695142477
155486797503
117988980520
148604255862
153190141945
94883812038
3423391835
53585366299
162584196490
28731395319
132235199635
91126869138
109168019105
28403363864
133446517555
33315485527
193587676191
124136866607
207770828556
186013859037
5457562560
165043547111
81482334259
67234561483
157577192240
78877549014
73496733914
60216135325
1922523009
200815113671
125635342780
168412539886
161093048946
42134652347
38695039443
154515114775
63704861659
95365426450
72516380067
4582930695
105371672299
74811045688
198914607206
73819671732
70547755923
204132228311
181875860659
196500223093
44696169425
108801510075
192223740782
129610062471
17765759185
94020036729
18609237125
14161558138
18400589809
126127876499
100606457870
168074846021
17069133401
9352699444
9117756297
42920071008
101372656658
197972843758
110942428397
123583216123
73612741980
3579104346
58557609034
120689425310
53621757189
46730786602
50074689645
106682380045
120079122726
18561425343
15456033403
184571899319
6797302986
73127835727
141659210685
2312958008
174290328767
107065971346
132682908110
117362857494
143470344084
214498145046
10988314675
28004623126
97764768682
179724240866
210775233398
95407594445
189144952625
178001580547
209603339361
134055180136
89943103963
198720694454
147703661322
63921866429
149084824971
59011097225
48464309115
164271162665
78904254925
132653560304
122808008414
139258146391
87221050276
142363792238
9767980920
23201758805
44256136898
144175267158
199395114347
210544472143
83055047738
169363665332
171208260795
184979917554
203186782755
77919602609
39246026921
15742610509
173829378097
186534221174
75068638055
132715806534
133349309722
159298225554
94908604786
137551630197
202041937303
60369352340
179547876232
64813677751
160256226444
113383313697
31023225084
16582398013
134126129684
133904767609
160230288870
75496855950
79300621433
83750314119
98898226933
180216926598
109356901557
142526819648
66387304657
203875370356
164309936851
168374859796
198221622420
107456731901
179614307382
171075483600
23122650423
149455883339
47036310094
142832570684
142895974980
200977616838
152958123628
51984837917
132487486281
135413971670
124904616116
7814682186
58647804692
180486849657
5785499164
112420122764
134167106344
75920521379
107040040846
191908044679
191111503245
85305028344
15757144780
173923985231
3664877481
113206145826
178980507058
203466419135
8115022344
2842529074
187456075945
142039312634
181487404962
79588139976
96202273240
95953128811
40700999107
93094502489
46038723764
63469833066
109631367250
125708758636
148734262731
108298214230
23577232180
39862937673
205613797267
212671053947
90230184141
90335873685
13925373017
177002618207
178344258618
41958432802
196342352544
143839367414
75651985980
24488805574
165004389666
85405975536
203775611967
168622603334
147229220995
141574170079
34701897375
6258838812
125300476779
41647336920
41266326106
194249520590
149430342083
133924077650
102685680147
186838833963
174629368526
166841679950
25274486168
186784671178
215666139138
15332898919
20494822925
116232591516
192449440732
209198443158
156912637081
206242736935
26791245736
117377040897
81959181806
10455520615
178501908157
123499905975
130817415305
24732608074
24306644858
137755205093
97411656693
130147946251
61992373095
185334768974
114036227855
132042731365
94525780850
16874322626
42582217825
50771736313
48845057001
50918175613
36825830375
185650479782
97982623186
201089435718
17233156644
211652207731
18623977496
198038090321
165229937561
88217032523
179807050608
81626421736
8331733568
156306504354
53719024677
132430360517
57334900376
84468232912
188979311324
152189800165
196087188862
34217240290
1682542457
11286184370
191093224958
171539522647
3836284542
15312622055
159182698991
179552196348
177140265670
187695940366
48917693201
36457757448
193322541313
146610050575
205360022158
194811624313
140303993030
89174671818
134376086323
78215623508
74080793397
195762352977
122050434354
55114320832
61441981126
11852334550
162322814599
142428620314
15554047619
195262587850
133928228410
190544313987
7354027896
112286201860
90457307779
159902178475
40686203739
175916898897
209541528981
119327077611
98561645141
124749760336
198279887853
124980775953
168952033016
28751257503
130253448908
79598421634
186190877381
32287489877
5027760273
150032510621
3794005889
78943775446
75102776530
206698419328
203872493447
166573157452
991740360
75701664484
40298976771
150433406902
210374579040
204745081125
70452926803
155599082758
204527315376
205322611897
102460412223
138976747407
87311814258
71189624080
102630020287
165009271208
71980142813
54431226624
15731040785
63788787030
6232455570
62215257217
3218755983
180216361073
103940055681
54028099707
22292017350
54146305116
155472369379
191560362304
145950339832
11279638534
53912571332
158568045684
19349037544
88416183289
185199619912
190953501853
39774787511
204951801358
211432748225
138352950630
147293267179
13143553541
82938149163
21465148311
35089757913
57701490857
10337019829
128530548159
66568892014
32220793072
180739382814
47435401978
113543386218
141207980304
13195970784
27028365518
72448273038
89548980805
47550566898
59210683856
157295355231
117222656766
87258249656
23000823229
60420693865
139338830853
34428917947
195516771617
30687338500
195179310277
102081506013
52134611486
65300736620
85840303150
141061567745
185095698336
71491204388
185013183129
25338069292
166817581051
189432765543
61797636795
202428314495
177974259840
205057465781
154669010848
129788522187
11863298468
22956581958
203627322781
131492367477
24261215699
83426079174
40904714684
38678760401
206171560426
190150330010
85032112435
126328419457
42703720352
193126895309
27732102410
85509874269
40993609659
150378283774
60736475652
162456030469
75646412597
125120377154
193374537437
77235002225
98906094494
136204778502
199390057506
212412759548
212741933021
137203785237
21069744142
113072020318
81937577518
103237529857
97105013466
90511584209
68455616395
33842945322
154444357225
214828059813
28796476934
5802932630
15345990883
124080521920
87048719245
29310550273
127401829764
70753438062
22065578384
191094264283
160936581553
78664555780
194699614832
27254156096
45282864814
113802098157
139467225453
93346334836
117889895676
34620578196
142268028836
158686374724
205462479839
148088494340
93857037905
124867838590
172018274084
179076673588
16404269352
93791534754
37024140979
206629774915
29745814392
177954149126
66873416935
123276452399
49593372353
42393885776
76229667469
196265713074
9939342688
184590365256
53818528864
93904156805
165865491767
22152269114
174037279966
95839123683
27503596774
122290082081
50491667672
62381566974
200857873480
157518385892
72499274136
143283699171
204398945893
136358394935
203236682227
37894102605
40008004103
83634890590
24232731679
119396501690
44681450421
52696875944
11859881447
135199280743
146269957161
176586943639
21483902593
122426146822
81716573318
163662440917
79887870775
151623068537
133248751132
26126939011
50374478271
72417334599
106160337762
106334980173
171845767257
89014239013
22565983445
25425448266
39708931603
129492193752
163177877823
191787288343
96279412479
170876379575
75693845660
104961481493
25482838377
109910782610
74830425463
79780863545
170507948356
43647335915
163005284331
11353050795
49655537456
118276704854
134650823203
136640392385
96152425462
62504072637
59231627760
207146624917
146034808689
29108894775
86784660590
205246966656
22236894132
202612924929
86367787911
41560194391
12516565847
144129066018
212274115845
2439711484
130723049890
67537890923
55588363533
206780442496
157921553908
164150735566
120656825952
1872465302
19611723826
13151043893
48873984303
165785339935
6932165656
196997229717
38894732367
174978310696
113257391994
174741289494
81667219309
66085785641
189096576801
45957799790
122932839586
73179947990
102247009990
26404308067
206785819198
182276040727
129271874547
5663182899
41706691138
55401165204
140776753907
150410978244
32685496736
61417986702
187195414390
215370174623
146748132213
37823832349
66865426742
134132083933
67682750543
128297759862
191626475041
182378911699
126465429232
141145411845
138222467266
123614718833
91831422612
179444459219
160414333980
109916536511
187683818658
204168966138
121452724241
134198355245
212287190426
111452184385
100255103168
147435988656
211905948874
188957310209
105704810231
99296760632
49660673775
185417158563
72575493516
192863250428
89881743103
23141115817
204036178895
150843238438
155212581262
43117429773
83858468446
88641225534
196329535550
76307059277
166231292811
3899482106
171363387386
172739734524
123142295354
135604143001
102071166757
147723095045
169210766048
155579189587
54474064480
111035603392
79561253145
124322560890
154148478451
173675652550
53849189645
2068874707
167502098488
105809580431
210295434373
172162247431
80453711891
62541540252
197779157836
64190840274
25001589091
74022019906
21723710002
127959268553
87873736865
80166141742
185521607997
55217052727
88665635644
188164505272
212953111119
196914037621
102662210033
68555030713
146036525376
73883504114
126124130835
131591371301
66939502218
30534174965
78736967115
31964980493
49623919964
197515913614
87292547513
166955363324
127531170831
29112879213
55596134322
180093963282
155719693586
101735551393
21685224279
188984831882
52152564910
69775189998
58253705591
4269590537
30377358808
76803342761
189568554744
196775182466
143779905585
23847679264
176695646745
49368830323
153165547794
99616395128
192867707283
159638675251
69949047443
190566625967
41466096404
214546018768
62797816358
64664936850
184950336604
26230794893
99832644268
39166550543
19405524641
65202622698
10224489754
194989065077
204848108850
157249076143
5974717452
101059812085
128478746152
82726525775
92723838891
3899427182
42198733058
75009296487
118098234486
103080460925
19935264892
207003550863
9722840917
115516921162
2503403872
36144300232
76317345836
178516942573
201708002781
62490245739
113691083529
20527566697
18399540245
131872158533
101074105330
180584741062
164775590541
154315244447
76244132276
61969760492
121771640619
95736220678
204214549451
17344540872
111278266014
85538277869
174328513377
167975355338
55124602347
67453013595
91133644255
3747235855
11754937648
134136930843
73298693761
93593227071
77018583282
49799476938
84985084553
