68291374930
65268000747
28205238384
147518023397
31423656887
20514450654
191295125818
15989163190
185675201015
190403454359
168763729039
115198683690
8940506263
190394388019
107138196489
154072971306
7533323367
18383634967
46182845026
95018235759
115574254920
160262708322
176943747883
53720584025
184307738904
103745762124
88605966176
18111409707
205645917293
121019117767
191549181759
52112196950
135627777720
138206865864
156564626627
1627598406
39450902933
62243855344
155144084456
63739753268
166563185376
2940795263
5028925765
153480083495
165046820216
201248607670
106292335203
14945807026
46086982936
173603058705
99883662033
40012525117
199060546365
191499803242
24944666626
141916135392
98038809013
83534196913
66964637363
10054529065
42576469180
175672611242
201426139533
109590191293
128667688611
150971235723
199521549886
68392555184
23239466232
23792595043
20290240170
169535899868
54727408971
172256734148
6202986116
99912025539
199526247538
184049373800
201752697938
28292988758
165455609170
150832866894
6786860595
49500255755
195329396117
195213147050
113163697996
136663136498
66550633737
179215745361
73243979709
50037986305
21170325224
25497974430
40149087112
59177489758
186388006699
4380474577
110682537058
113759750909
121420914990
7678650862
121305888389
190011545343
19990147546
179445297646
210556429371
83184279431
60476379463
82370110798
155430597950
196910404339
30467116593
12995148064
22362163754
189923033880
139287530705
68512115734
127138457201
2340909970
102416486790
48567597922
57875051053
174795489303
14358011620
174888313045
177421277119
140712872587
100541130454
14761915374
187599706663
46660105299
180811618828
7317599844
188990936293
132124442405
21629756487
100635918798
140805026706
131301813532
74144297934
153650256055
132240628594
137441800781
160697908
59064770631
57196441084
47938343029
41824170768
60345928399
97211368309
207840796376
17286733521
172330892208
107261018539
41459068712
163230157810
3000916188
211034957519
128405065848
181537071654
68599422617
18362962765
212902910323
190218251345
151077954800
39702772014
101577532052
121045704073
209264190051
89204362028
173651312208
163111211439
207997831593
17829370729
56954172132
91506451865
156772667323
68941054459
30918263395
189244779205
146818819701
110601786711
121183510319
33898981009
169256859429
65701811519
53441155771
130249550116
213415317828
147720352534
97883069157
112155306904
121185501087
71530691901
166941722793
209702390286
170552266341
64801842344
139142836683
138435756767
42721894821
208590692972
192971391286
66198390916
31285397939
43605947412
105380305269
82974360746
124491812255
193318304167
90827671793
71898511853
160993522028
197724183112
5045664174
123178145995
124522120638
72870867193
85535352409
46333269395
199696441969
155852577933
41016460810
192837608134
88064580082
81276591266
194746299268
123849024188
34524454295
132989167367
213931370495
214093718337
114528451019
168440217644
113266771621
27581910692
107185351125
157592645509
132278988943
51295836443
119803969784
34952265964
197940096437
171101152741
145117124840
147150807148
68162790904
43926361698
67891894933
103887052244
26952040027
87145147526
147558566653
156845370194
207500526223
6501920754
189059079435
167639984806
128544085555
209747619709
181751401659
46588417602
100494315991
183485892952
135206820923
128932488283
185372080736
99246391665
28280594211
205015304936
125709332820
196189475841
209306897169
41519725359
205645302418
201782956227
23977336456
37204577766
80409325587
55655323528
98165112568
122459667180
149188037932
71494108741
29110742539
170050763011
28344883819
104401200491
84474632682
168007341990
63426073751
88586813824
176960633750
119152738939
192328003554
117805563084
31808632053
5475011223
11859604445
190234629177
170037158103
57667466576
215747319908
196573119855
100003368001
36360531989
118769689178
137068847434
78611582948
54509751596
53943400019
191904968935
61226960226
2809834999
5542288993
184383680938
100146225354
130868609074
166793701677
85443186144
151295728173
194896744795
203518643895
147155138843
199637891943
81870041100
142093727361
48608112629
82667461017
30301177520
84219463749
181488175376
132349885543
89770610205
76687285136
18461720577
9796249395
32346407947
62822786092
212176120749
38573177040
4325825251
105193981333
207500516501
212008173103
131087880611
75166657530
12089708595
117776784396
66000141049
45187771326
27460636164
42003765596
167739050019
215724187712
60826047753
45958011622
156043656130
206805218924
166089511853
132012566434
103903016772
79136441765
107992633832
62354885503
207299778420
166643694619
161603386501
188970651919
2079912275
189816936216
190712988182
37888397026
96810086964
198682447416
7802949551
199491765137
91181373918
56316403051
102111572300
56374634997
27731535314
166768823525
96062963496
3911845529
184059018906
183207476164
186604021895
173648672354
215252303205
30401132785
92184328458
101520152603
203474057471
77640138319
123059832937
212302735733
100078515297
96527879798
144060445459
169934402675
190277067936
99907397955
203001280572
127012883036
202929482655
29055947564
44572307557
140977367801
179026880373
111909042956
10907381252
196923429729
116550863554
198897065229
35133583694
152878494722
104037410308
96158595410
170241338527
25408812945
65934654043
195852519383
200423989857
166241490847
133711611668
132998069464
209173546106
36244596881
186437241193
208240995139
59857028368
174819866339
153842999135
34120037396
205897630713
150515776949
84139756914
144017724736
208827659337
18713000975
143685365354
15016656642
155034781182
158122106749
123262329460
116449048962
2193752907
126576311989
58681013042
102763076974
9002046320
161642385077
191762850632
81013892316
61793434124
36863638018
210270397495
210872703332
113094833408
84314431009
139305253692
96184855481
187993620398
46951094230
51149890955
158310488079
70143158167
112320082723
181774916974
152714468750
205754689709
107834548629
78450171515
84219458197
49048876852
74915439026
176723199302
88686711414
121825617424
104264612049
130216245236
59912511479
63933769018
96527885370
213905249073
175905516597
63680521471
38753369243
3709963296
127225225700
108466690101
146724781576
94356741319
109659395319
82816965221
183448655085
42204580649
150664258530
89496979032
27666421509
70461605219
103869624501
121670425438
89047151728
13042682363
132584617336
134723061237
179374584099
51802359476
212630505404
196304287625
192393274944
188678020130
99797327994
31676256264
160631231676
176705261654
67934339198
37257110731
198696410551
159711264537
168412416094
170084174398
21448558869
89197380246
20052634814
149828532388
68351968539
46618067361
112241746821
49474536959
68893475311
67666169763
118472349098
149695953145
201442796764
49289406119
49494000624
63301917927
145244902918
132577923029
54891272776
191447769403
134022820903
65526608098
152863468015
172286073748
32551723063
19577003212
43019145041
67595249655
74844621402
214000999251
94177007432
65742821561
144627534756
5201011590
138190923766
209981865459
41435838224
199529999098
139590024719
164570430316
68113061210
86462785817
202143178330
148417763299
100919826276
131717832785
48793614130
87728664950
195118814871
211884213743
6665776977
178921736580
20536103666
75607209008
16515102012
51589898889
69262788780
116325444926
48738714041
138317788302
183848298699
175126352925
209552657890
66805330383
101490009163
154689603309
207558122020
52854129655
114441264274
143207869677
27618453184
46246271086
214079457687
24862075423
32724308928
201620049773
124717904974
194944384533
10987797066
147806757459
42003029534
111937519914
178667957828
13549815249
98673502128
163623531688
59163130650
27757484008
81579974209
161127495159
99354478767
93960636598
32934990195
81181255355
1767771332
12412793164
152811607602
146328295000
102287614100
149107809856
178261062951
132470632727
38344263118
102259573961
14558320826
26764409062
93172649901
110639881661
61415452434
74373562859
38258472294
14484221810
13397212074
22756682802
43801726783
102662780215
19019998105
31408436771
150484257808
60905264543
63661208913
43149872117
19735700205
175089811376
122657627312
59337724419
4221402723
73919285719
163626800427
101167067941
76576346652
54274166986
110428572252
80604611988
204926626560
176778001694
158832783975
25253092404
171279155002
4349898801
73661989841
38826398067
163879313939
211058236125
85485189040
25162420610
72829514267
176637893617
129442817087
178290344453
3645170081
4316861108
50584628309
133485797054
182060720210
185337661211
61765460801
66083656157
105864643084
152232968618
134126613161
56099901627
135926378972
32268557421
67318413087
194912624594
188857841049
151123820090
44025390727
212419375703
78994812742
38485338038
158210680230
163027611665
62880526111
28663839634
212913372632
215030640898
85257024694
69300683628
121966202148
143894044806
393978488
113071606430
149165656330
133590330935
2794218822
102058030597
102215185576
107849124453
214982656036
32096164658
100184495551
143324562475
144660270391
95657172477
197598347031
154150762506
139582575134
137083262598
29058780881
60067199195
46232718042
199912135489
50909386045
201087117034
214808137290
101111765248
120401102304
35559250145
76887029475
39471619886
32760600812
49545595467
89236207581
177552288590
12399009077
14799523503
19422481092
165500926906
113110248824
137323808031
114150341305
181498649642
194827124653
33979443752
44051745616
123960471602
50028675714
128459827041
13515759623
178203915512
168186324166
125699394849
36766309798
143440557787
198360197762
211516369299
64299956743
52404952876
192733803952
111569117476
76044093528
54470036831
79729439168
116581002639
77968562024
143184948518
90479231332
81961523457
32519550226
38184401467
108198085409
33983641050
77081238177
185355286896
192435964601
35846615208
122057433741
58316693860
75864143630
165935649701
132664915653
33535561320
28114698326
3694459864
18321423086
59217715757
37945609971
55197822648
34828975961
98792237914
62663782460
4640525967
52892261732
60826038587
82486788476
33639294918
12821275622
58733614963
104129952378
115944757636
157922684422
103235600915
151405509948
74750189971
137814158143
147599472381
37661374537
71401445656
12092743261
84263288630
166688819792
206762103098
3035579962
207664916610
74729382356
10495413340
98482341914
116555715286
40219525655
189053337285
90651509459
141022496547
159513508525
74060347108
151934016287
117418682770
10866819202
7738319143
163831536769
167381491115
78124901342
178097395867
79601023880
16293014936
106397526889
346977979
104411821917
147169848061
203801892318
51499585741
64912795063
55642021236
167443974856
60158223868
21542585750
210163667502
13944277349
119105492024
135690846881
14241333158
40729442149
206944371976
123171963995
122798818156
33367176199
170647642855
50163067962
82163765433
22510710642
15136215975
203869240190
147612950271
3878614670
97128411123
205284303767
87236334250
88923713799
110035322407
55726020400
167150038052
83939903533
65724952371
17860729400
86108408416
119631604024
24583008724
85568614187
20003848376
22547965582
173716567164
195533035109
213819361794
34273817353
150954217563
39740968745
157439734744
73816539912
75035757472
135560990792
23180607053
215770503216
42105456511
151377211160
10586900365
23555863201
23039590912
113339229762
51365120112
4700904705
45142949957
76766143079
111357779069
33227718904
120419165120
189776144329
124477999065
197030250701
72696477480
151377608719
43511768685
20793355269
160766801975
115959818984
294597377
87907196849
50011050813
184822835043
117449975019
185057934003
112958575477
17258243601
204439979950
193083368334
131862711234
203219450395
37793498654
4909852728
100541129508
185241223886
104533180363
98959206791
104050793558
88425909276
57918243650
142171203572
131233702884
185190953508
88230750360
41800781837
33950856078
10806644952
43915987334
92409036740
148177353752
14513772086
191401861207
133894247257
152039082195
110563832063
209874596602
110761952088
204889113957
50445715962
77195660025
6791308950
72927344789
49252022160
113002082934
170956023743
131057440368
103986620581
96149263504
119972954761
117205087151
113907519651
18858483872
125032235675
18866337644
130536889923
4907393204
112906639827
60933881745
87619945815
14181644139
37412398108
149747635312
139240802685
184247647488
98523848412
11410297480
136381715208
180113222157
75093928220
187419712461
32919210068
32044624431
75214848138
54177289100
173638938697
98306778670
37498790987
15059930561
149039372801
30770288722
181105465832
130774108187
117257009002
178716517921
167252198224
204300759184
107826210521
20608422851
45175716322
198595460807
211260497500
107697719704
24005450725
98405874668
32361683266
74768373418
1781339874
123819962990
6053879563
47254623902
192242596738
175012130617
40331482812
45258243639
168922227855
201095260256
174311403211
157454293786
124415392991
156235262001
200906224225
82458775889
86068059990
61972345842
12826546280
137893391602
79373413095
215424318965
44445613903
13419440984
60448824490
185814743836
201746271500
82992176114
53287374114
199661126833
162577229678
75416808048
184656174123
14969607059
199652026298
106732253262
11163211800
34541304281
92533035021
55493423666
154643967461
181188933245
10738686706
131681570685
21826696093
97005356235
30390104220
88820871765
167199610716
138273149708
52316750097
58299571278
59193078574
19993077625
161928136244
211909436216
11937030576
63618236327
29787490571
13762354182
51772007431
86931674223
42115124549
159766505302
177607337520
60399957229
53424558341
163584568666
60021533423
68124779937
67527326502
67681096624
203352798387
203227737161
62136384331
205658733386
47609169509
4944471777
14207114955
130029978897
54022446886
114503938763
131981386682
141888354548
14079418735
91410299917
12177563267
24482635601
86264733374
45922857962
26432759912
105786684110
70800634004
159850868143
156619548681
71629376742
198492617662
38773152856
47513911757
10296008913
150300028535
117474671389
32667148945
92781078445
82080990101
211344550705
14149367205
169301756619
11600347510
25655153027
191880007657
141007625192
147777292612
188364409362
125409013368
41132957182
205030572942
176626959944
180233030096
70168096176
69249892454
203384728455
163218993903
48225682134
106661611688
13105296349
103954399970
206084459421
211768265644
53327424015
49667230967
97148333982
214115390245
213533876144
177814029660
104920606184
59952759211
23908101645
164470444438
171616689910
96173527024
194950977800
28012189343
164834013149
165136623778
158545084536
109523789788
142612213983
168016186071
160348699085
132229354799
18183239885
33520497988
121045709330
8457517920
149777941582
122285688505
181781361564
123564574740
190639742003
163501949358
103419834450
23815158196
132466233917
107046883538
208891246158
30700647215
185008852357
35100477220
50467422946
50652541326
15681197099
89692219033
215649112249
7130101188
132934555012
21602571272
26005753929
53820641136
87989524021
119392023499
16480061752
212733974194
64664355178
130649294895
50039262403
123703321915
74167493389
49168982129
184235086656
36708908555
81462435553
139504854312
176077710212
137665161298
124365766839
755367078
118926431504
22575462415
159597828346
24144529044
12802402136
90407358099
183590889276
126619292952
120947064817
10399167848
198471519170
3578681841
38093935090
206628510750
100301659539
132952135875
133309412277
76873695537
44357565956
193843650318
24124686564
45059743694
60015819357
3137664957
165369962744
43370973960
110829353630
156227141469
172415218710
137730861991
14383761535
157604911500
79350946343
205830340059
156495699459
35536788254
102597027739
114568545619
128715294856
80862555316
156792491281
191886764331
86669056629
192358451983
117632401310
187759477930
107379540180
52209246596
168312743013
39611024305
211940839950
5194981513
182680184483
76936696220
200409801040
215252307561
91015960374
2571161348
197998248571
212276682187
210410024790
63577043541
87366150472
54206944586
194644085842
183914823472
41983092308
196763382353
192146016756
154423808243
12054601491
131954703522
137947818232
133671050684
97331128285
95021232920
53100730737
185275105825
10778264978
147355653267
154419914017
119517220631
151357523859
28196812590
5334496541
8693545601
117877635294
90630559104
143124209440
90075526567
201159229040
159375992522
43890992292
80422227076
34249920541
188950090714
214068307126
207851956520
135028628687
8146758389
179310208275
15789527498
26591821929
163454448359
117293014696
58563834232
182954549663
35125806468
192495483154
106605374306
94267336298
21185575588
22945812325
75581448257
38951944108
148768129312
183059286260
39510433475
100842449306
193970261838
26291996136
146785690403
27588920261
11562585951
27117374041
32543787615
124000333192
90860653793
63470977897
40749209725
192852205504
14902212928
52015950087
168695213664
136101617127
87465460
62154556310
104340532192
104983963340
62864528865
95144884747
24474245039
35330315689
116839913666
51814186879
134536182695
7191171951
200489229315
115627593730
20032805910
165107886081
85672920249
145431221520
47109797670
16696378118
125204441869
200908791026
538106506
7354994547
137075311260
125740368477
136457984699
11368573704
131292390072
43101060167
99970420348
55891198781
208028821633
116969845743
155731627799
51048259526
113671344730
136390014618
214746327913
110391987924
111318646901
176757694481
152011096521
174502958822
71969647565
75994659980
150931606649
187895048326
79877388523
166596461368
78767602728
185289362722
23821886017
90200638574
59356722855
64864232764
102453959100
166552566400
91749455863
30990590581
51402313068
132015415254
194262696647
156048144227
32865818737
103072165526
155060856727
111094064921
121327861967
42399440743
58090631639
8299202747
61358558840
185832857692
205227191931
13842464708
120011807721
9442521433
34167655041
110166457956
207427008767
127818655266
146948927452
5705256213
26269672168
53003269370
111870339389
112105432351
101918350042
119137878833
98454084406
107552745048
99162565209
40365807550
101811057838
213551119841
194122057484
139727810474
32625905684
75244155613
86314983989
98600685679
128606587605
177775292444
103586393050
130686519650
125624218499
56044834203
203781214919
35519473172
128967512689
202215464945
16072805485
205247340812
215186184748
209572322219
82522244954
51510408439
84512517796
118335093709
164727400352
169441588689
155074632523
182212737239
128011769552
170544421421
168120300558
215514500264
46799152247
135206827050
168805296967
195402966737
76921990913
157207211621
75435711794
111273305090
138835754750
50881877660
162880682725
49522205496
93500588335
15562547603
127717284246
181899319572
158795613448
104037407157
131678257565
114236638077
199348938129
159968948603
2556529319
115769915396
199173520098
214303713583
22575459767
31921790415
55163729510
96614801294
117268774338
105108763283
51037533326
117536946647
125522329390
62702292762
15098669661
154749478769
109577459723
142142643948
9865453122
169578934192
188283960956
67404225077
83331578965
200408917735
125364682573
214973343092
50100346305
127610327806
57340026413
180406884356
38916413342
72360542720
43643040253
187243465944
66811963695
41385298895
121050085296
75601992660
64613636070
210453473966
44553569158
110283389128
199876496307
106524793685
67882874362
160722254430
26169452711
3301787120
154977328355
153774494935
105728732127
181607683534
92067386883
196380359063
132952129185
96947997959
34876430997
42210181446
36972025886
96622317527
32596696116
131165323128
94710634583
23447355496
46680136072
122746786419
5620176018
90524129085
195426967243
187432907144
166129658307
89130148988
202915366636
212198460838
165748229342
164344490918
23518602037
137071415329
56584706034
15110703893
24911793539
46670046040
43463054530
24925982721
135068577062
214113175090
74677860049
179460454444
207591967412
146403837264
3406181053
203993568656
67558315372
200941629395
171766219000
145909818674
75947710470
143591428628
29377362630
167587820873
132385248737
62718382283
115467213351
154463699015
135523339465
206251833720
84773476103
23231407999
32873267244
95785725849
143729182167
58691445647
213143891492
42805335454
39120091605
44857514053
191853081149
15742808935
75772576510
25591391667
32493700004
46673250575
16994585941
43647402308
171462377790
79640759540
17968743303
101999981081
133537775341
79246686842
17256185519
59739255890
51671131442
167478724392
116982721883
41500994244
4704612703
35384929104
24470367037
10386515860
46914850416
38699887508
176298260216
199439454050
91941939338
167856512192
121878757669
215221138382
27325367682
152368248462
24253444335
51619869885
79942722934
199331582486
21263567326
210545874522
64322053820
98884750049
83378136421
197901980744
111987040118
156450747294
2402171719
207392319502
95326469766
42472808096
136703027366
118245265744
134067972752
212968151271
38306432115
84599774075
160565218033
160079425968
15773513775
121006770152
70725830327
60933873686
95080761731
99207655540
119768821523
110786971622
207584592525
39204174660
11870323567
28245438201
212765548875
13109080493
50332032909
69049187397
132706235334
142956144211
129311082440
171517779281
6407506099
53792905343
79131854531
18474130231
169619700252
49656168770
74877628671
18097461699
133246716342
24467666804
171397221014
179062553439
194400608478
214718896821
86815696790
55964287884
159597830428
27473209770
179138717181
96891376535
171065295431
89554981295
32904606892
53133236067
172617335796
146174302885
121691329053
40060826095
170122725340
94362105381
78621959158
176479546947
209056339935
129375029361
135196390671
137819023582
185342530256
32786097989
76362532281
68115668773
158726021763
185636748311
30495077507
146422209319
202924002694
215096514749
132078671116
97160212876
43966179600
97657689321
177082283044
119332064879
105537500867
114737248175
187851667758
111433573003
183186519574
179088230347
78319587866
161082186368
121253053653
179145049098
46536821453
78454919869
102593818009
106543582410
59224237643
64538579567
171759060890
127000843684
196059047932
74828856821
106272084009
197909266807
46754695991
43685207509
214671301687
208917682613
215590886574
27818194318
106457258946
15698293181
54335750239
76149854175
98463100546
201037444436
45137266571
185302799172
22496762007
192777439438
72901974924
82918749439
75354691271
89118703114
60218760101
176090610122
186853501076
174441409846
123815880707
208960832619
163250351892
48146560359
24864447954
76018266960
37409411180
30794501409
161093315650
147705846041
8296388800
89855272778
81701094519
1964892096
31589555332
11765963759
163682969696
138221792750
40716752145
149186324786
115525515386
197070553084
160106251787
189640682819
98717253543
151498175171
55235750012
55425986059
26816058125
184950596620
55032457010
147083293630
124478002339
204374914588
162465264475
164097087032
179823692962
86442384849
155609267582
101684632354
213112257860
8600642992
132930147432
192389267404
113127741683
160861702364
192544825942
184465198805
112290335736
20708364128
126068359060
170244331207
207820646489
115285112100
210147813007
13475502361
125454177684
53541922555
17036474701
70497214118
33634617509
99222566293
26715044817
212214822267
86571368866
25533186262
184886422533
3957183345
104508710968
25992347908
107342566610
157238401513
18581989737
149945140958
88981467722
40669665710
150896599595
206914901229
174925504834
78930778007
41125886647
138756870158
45043850163
67749866403
88683182046
86747152861
174604523180
185897417950
193742914561
20470815133
15931764578
34468992958
32289943306
166780074500
201829817112
126046825392
174217017475
206830654314
133797040664
158772141561
27509222307
188816760966
190790831851
50962733639
179538341808
63282239435
27763886310
65095948021
54454005736
129269079941
18844127738
12246963744
128721530885
10456145428
24749015713
36191152376
11146250902
76175782995
809201675
20996815963
157452187945
138131818459
110497361607
67101262277
169257146444
65066762785
93138461349
182171906894
189105137456
33952345518
8584109707
199353919574
93924819821
67911787104
5795577193
51300035172
47068474346
79975719263
16007860054
40174813258
45299288170
140824386967
40805068024
30688314133
148060696442
85936157812
11668113543
198309162200
110633045959
46069108120
61038179589
84690969765
110114962323
109740666788
86404306176
67524410591
100836806824
117924364484
73723655564
77356861617
21621857330
86750044981
123880647466
142765236568
157508658163
12254802588
92941791266
141706986001
117862893422
46835948438
120057270376
67827895356
175075700065
69076293113
7655449754
86608428171
147351857945
171922209613
38430257714
35122329225
146632772476
122524232499
204750121724
151205614145
64411539268
23158487997
144111184547
63728574242
62475164779
7816230461
154810554975
28989544175
57835484986
52675893852
14041658956
205463899943
119436609464
135273684229
71285290530
140425022164
146756352782
104355104875
49508333496
71550577715
111837815046
23761344470
172880207762
148391559796
207773669624
86695210361
166015304813
110370665323
154802194365
37600622357
70394260636
65584757788
126984938146
210632321190
17512394165
26042405045
13276137628
47619520856
174565076653
182613719245
86557740962
132470635244
25688109644
174897441236
107487872883
167413736472
52744077773
92030868757
183407284997
127992586080
198136545064
75339409246
61233188858
36192676447
182497879403
3153039465
14049111505
147648233856
185332228701
74134085891
105099459082
183645673645
86941998438
177138496820
21668187833
80960960262
150031067597
102565222674
70858682568
28976689774
143541576093
214122435450
214188264635
14109630522
64978999484
20083890623
21859689057
95719161530
189842226848
97664098393
192691168757
173059690122
7012535400
205983966951
165761842092
12371342308
41367350019
202850671533
18965058370
205017598263
59269912597
84465244475
38419929867
190569201927
120473188502
189520259979
211929436674
12831288657
32467966806
133738082705
24962363723
170428629218
165073184489
30883295890
20288450273
166646973268
18524955576
178330008345
201998902185
162274500279
148771215888
112517776028
41663454349
60355586409
202470859966
173371181405
159366022822
203851551507
60726096672
90424483318
214907649896
67125620942
210038747066
191394255570
126312142381
210799813731
79339440540
135769895315
62219590271
94850415547
81591889913
71382302778
61716737503
164839173768
146430331907
85412858720
12508349552
53167340288
21335465298
64264533840
23837832705
48008830322
98641809525
76553535788
78540903983
90617425000
160094404269
6537483705
161986631464
115930422417
127065014773
113472809347
176936471596
213251838376
86206942657
104634130541
176749624237
169396671803
21774104382
162302595896
97599048070
97114584117
15447286583
96310488200
61094638125
130418387604
109811942069
118900791185
130656010485
204300754542
134314164861
127905710296
176366444532
157762747433
83874755380
173073144808
27102613093
168618893863
5390676973
106179572445
92870122902
60994285959
200657589997
12180448478
196945380183
2725112438
112202370588
195398955972
206536033573
158270992534
169498289402
28326110634
16856056794
36546274722
181247370810
149146332889
127478195809
107265985686
142277674400
64434067459
20733072865
40988104567
40104875110
49010889485
43910708905
189987361714
15698303300
56248795158
50214749804
186000669412
167038926461
78188890081
51385833858
194585884621
195521548138
94692670930
153809182811
37567390307
211779697050
13553238475
200282423819
30377887815
87997487986
177666232694
91130075189
77061230845
155968612358
153903408507
19537726166
115208772159
77209140096
116347355504
42468574869
156604137618
206688465964
146566223793
114930879288
168906977140
87327370295
108537426977
175878039394
65133427566
163505525687
192025955462
199986698178
206338631115
196227786882
30600453619
48131837404
92741692466
206979432949
145124851376
49204083805
172948248582
84630014932
142275324530
142927755680
49238289471
211712628325
98298067703
202823365300
209988921806
70609123129
208065860710
98218406065
111961316569
83101768912
188788228869
212587985802
45293101218
23457697495
95563206667
194469156398
207252363732
179246716404
85378635548
193429103028
61782751287
156849868774
93346411305
111343626909
3597792994
5195755922
196798263402
120633779677
77454425168
56822611896
60697945244
203441804006
22565397289
107249635088
182476707002
163493104150
103665299148
50686384674
84482397265
188007831908
41578469435
157658295156
160304870257
82169459203
135694358203
202936721582
210891077405
56307427400
80966128274
4005975021
128238409968
107875991861
6764355719
64691941011
113587784881
35235405214
74384056020
67488280282
82804243933
140263512730
208204884278
66555789698
210604663219
41817839654
56417464514
164392973840
46761982738
66465447931
64881930930
87569925314
164107947459
156854343981
64816909945
65028315156
10063519996
107012108383
81811711535
25892920878
162229398161
82051663489
204333252425
213039412711
69742193818
171450062019
9293320278
204679103621
102629303466
83074586980
111207186227
57178948092
206010846397
116436418169
125863935232
4668948456
110679971326
121419082564
195939084216
187781309380
10331060519
173072180282
10273564368
64823971690
87019332822
135450321461
71620816371
182769043863
161023344099
26361534823
134562854977
112573822595
13724718428
121638927013
115300881604
31535172548
82363386804
15525288661
173340038841
103386213509
110198359435
123791775110
120720462812
181529863399
132507135383
92715224620
197514315493
214495713234
141511603419
26307401963
156074633717
96904267252
200158172184
128285406147
91450699319
66353090169
116653714093
45184826527
117452487135
106127111431
175315591282
25280583368
14408744425
119618218494
29516835366
10761852775
28368648134
10022516174
61893110311
587582301
108433297793
181084886432
104629466252
134985654369
200916560741
182908307275
214016026326
21064430552
136377738705
30790642941
167647867429
170582584227
7247767204
12039435658
48305567250
60986602418
34161876316
84973687676
194273775455
77294411946
10085143045
147620859533
176809650639
43340527499
105320630838
157738897592
185814741522
147668556757
123107582715
16401487293
43014127595
35816735624
150613748439
178739340014
148274070979
24344952547
148748697199
214008364178
163189565333
213580251228
40210666229
121864388095
155650994397
162198402122
60015817348
42529339751
61833366046
193238564067
4046631136
165143698571
169353434986
148857194558
175619323
137758483730
65671120802
168726929614
162116931834
3724381964
212296882095
63342037221
182887761561
168757869166
117951119961
169007697269
94960595305
207153550111
86033741487
55378881222
25750831809
97703028465
87241478623
91041056326
13353595557
142758863681
19949826003
32088470127
165618179219
164900265214
66544443388
190089853743
99275344037
129452803867
37968008128
124740052185
112125504527
157325354441
176955684506
207907058929
68779190270
112687841810
206750591529
193897838478
75906044051
17089847703
45000067586
162037824369
62950822610
57483803932
67848544357
184217592992
302383806
9063926651
109945185127
182765179843
88774873645
33187294052
206821491032
131359536146
111761575559
178627193513
49068147400
120784051498
18928415067
77878638590
123974704846
133054925689
19278371323
22953067631
126750624362
94726736264
107819431889
89381294434
157228509856
211499876761
186437244777
83170352812
68861225787
125932373329
188441958819
170996314890
215798246250
191547937671
32464574759
180618048618
160076628124
88774867198
158476263248
91456000331
190601481558
35766117332
4838321750
23250266835
129343300989
105491805518
20336619122
51173435857
89995044568
170590078131
38915092295
104740121167
3094903050
138818711949
192141926101
183393741369
134216436809
27467902503
91224169486
93427014195
56781324719
190848075609
12487813255
6759405427
7779055456
11475727918
212092820682
168661036990
105873565964
198497520876
206457773352
162880686602
155403797147
147297448700
133661094957
211377229320
63816199828
117691914261
167005305884
152378427770
10380038849
26800641817
90994657085
11570053084
62665105652
35586055231
93305849684
72222671916
178284243442
144060139854
159940792344
26319890434
150297082630
4261756182
64272914080
149498248899
125628806767
103165134603
191447385236
67350335970
29146874046
85219984616
117698635393
68946161509
155320564150
187810327690
163152490965
170187582972
133782716613
156606282697
168252076543
67063802916
9186709173
10124384466
145645182853
183944522275
141052803924
135437522319
177306276304
89678331430
72244049927
60964776485
77942956776
19585776299
191609607983
49500997482
141988253570
203676173843
201775672347
207644131877
207521529875
160953852011
96109835013
143014938523
122861802988
149204638336
10837045830
105113037916
175262368876
118654678387
105294647788
10795886087
42066694469
191979725482
132491594268
80910772656
169260339544
118654677878
130013781311
151999022473
44212334010
39580156202
3112100536
176511161467
60559329104
83059473053
190422368249
8759977156
208949588222
88127973677
39969319751
39332768485
64793241918
6343619581
82259257281
70210171919
200917034601
96843809837
43021145693
166486215416
151602526705
59045703383
396760237
185132967783
139661828748
9801945967
115571407161
168355104454
72305597548
56463773705
38174603777
56075062492
16186644219
31550620293
67635673429
81002300162
68017077328
201703608880
116439307234
142045918700
171655706409
4596247512
117053517422
207303428822
97577199310
20952864436
180873466406
197805037352
205196576974
123152094095
206670250325
84354914967
95223717794
161726871281
98069228165
151226658771
90303725933
35988215424
178612633668
61262367805
204087652717
85061304155
138190935962
109427209943
7948737569
103767923270
19163007157
39219924208
170820072868
47532005405
86559744664
142115828531
173870599973
45862293212
177925054334
154703005907
96817278755
113535410525
80884886845
135507044164
213055632282
1113097119
89466465841
1031299428
64932392196
58027754608
42057989382
45973100635
166639159658
125971421287
8467251846
73476669135
77505308185
91300706254
138151276746
214825189339
149610488483
190569208050
213200486258
177014210154
151092057820
59406938905
18329696574
63851096761
210962227907
128169216641
91706478987
209277880165
129077151389
47501905038
31089603920
215821874165
144690421249
206060380444
76022916142
11424639405
176302253331
194087743308
84202385845
19342735339
124703169125
91322753351
193429104981
87366140915
56913445203
175052020456
41722673791
71351239443
198402236646
89656961777
154599046168
145444259044
52949511170
111046115898
89307397078
96825907681
128135811672
159735755193
166813416957
152833204940
58750641656
193463857668
172306655491
170167378258
16649920486
160914032881
56115220567
20568454387
100683535905
72333328808
28480942582
8174051445
24610565527
175310321796
32801699920
134201459745
128225290857
48744231925
148024602292
59915968644
23106285137
203026816197
34090211986
73543135946
170015693746
114080415178
143309903378
133045556103
54286688740
26621755753
92235177292
12900548653
132518876268
12289133938
203129384412
25978808586
99675455868
163655316024
162194943306
156257385528
84179523515
85913831956
85709787415
70426952115
119248781689
129165618529
116934795490
156761169724
90281360951
15123371468
79868248203
109825628472
169403012844
151187320324
170137187579
63429328944
117963292142
36479014896
187857665623
89615040345
149772941112
69547086720
124050599896
69025300666
70134611599
51086367026
119557256422
137510935
67001504590
194033616794
133479658746
193169365160
151715087694
50546177724
60967975556
34374795828
49053054416
193471759353
212642422859
53389884464
103723861488
205762881941
12768269043
2018551672
215661049005
54081904019
85953610233
124811996789
168251778181
15493733347
92730444218
177268958513
79806734555
125782168383
188069429102
108659247693
77342582863
183032744584
7263335908
48492510397
141945070040
5226974019
200076786386
157991751785
160442926622
26396954329
57224507743
139681942100
84987968484
157903459438
77589592709
56603932197
26972880296
67424454308
38153774092
214256659174
60877256929
179632826703
106948514785
189542289879
160788873710
170577610394
1240263959
204027639256
209422564856
134591242046
1546003973
174085606025
175542109859
211147823926
155180753739
111613235122
169327851281
39014907425
103936794002
107604383675
54862257819
117257003930
16050533602
148310252532
132091253747
140460343211
184207324884
119295677694
154095730043
52911252238
75183323154
6914664443
26753549330
212223294931
34703815030
67971405378
146657531246
68181970287
204244493134
56670411399
38398530208
34214390166
65861409748
38480018809
156343984575
12608040271
59853200361
127197272638
199831919232
202638548467
58684380352
145687093320
148032057102
138592264783
133714524952
123625456866
206898030197
27265340897
27520822273
3188682614
31116364919
194219749472
82159713435
148433385956
149070852410
45474132400
160583820464
2457196386
97076724606
31405793857
2187061613
178203917628
165526577312
39076621704
165645373670
66709186904
183803174737
121617604636
162452648605
130997259270
53011927757
49135453757
20349959093
24983110686
112456011886
63856610849
85465684789
173546253928
174439035218
98312770827
120073011506
7748159565
69903777077
204546667417
81164736420
200342458404
122900573358
182340673208
169948846435
3029607314
75885163218
115652726825
35605323511
161824086512
162596208789
7442243394
48712555594
115720543211
87021581399
134774615965
59107165772
116461983522
211462911652
162049940424
4086753210
203654304487
